1.071374267782048643e-03
1.035602086650150430e-03
1.038608153593557470e-03
1.079742104616657639e-03
1.151120143783744510e-03
1.243886503690313887e-03
1.352414385965645645e-03
1.474115221796092794e-03
1.607717494453371520e-03
1.752744711469124590e-03
1.908654361175281386e-03
2.073930739373181474e-03
2.249008244110678109e-03
2.441230306300166183e-03
2.640080007620465401e-03
2.841056922897756704e-03
3.042744488544175605e-03
3.244731228980888334e-03
3.446844578928489472e-03
3.649053390373284238e-03
3.851278403302867311e-03
4.053470384268096499e-03
4.255614168796312442e-03
4.457696401253638530e-03
4.659705144863851047e-03
4.861632393592953648e-03
5.063500142513211594e-03
5.265262336274979804e-03
5.466910614354744333e-03
5.668437080022688257e-03
5.869834223037952679e-03
6.071094857478627135e-03
6.272212071962142942e-03
6.473179189150754867e-03
6.673989732679131738e-03
6.874637400013429780e-03
7.075116040145875557e-03
7.275419634831334185e-03
7.475542283039911771e-03
7.675478188356158263e-03
7.875221647267512115e-03
8.074767040620196498e-03
8.274108825432500633e-03
8.473241528064555037e-03
8.672159739142204504e-03
8.870858107819359906e-03
9.069331338329189238e-03
9.267574186002143152e-03
9.465581454550753629e-03
9.663347993157661228e-03
9.860868693830682208e-03
1.005813849032744130e-02
1.025515235566051495e-02
1.045190530120882616e-02
1.064839237465731343e-02
1.084460866020179812e-02
1.104054927617567280e-02
1.123620937531315776e-02
1.143158414375868709e-02
1.162666879999426674e-02
1.182145859544234123e-02
1.201594881294956209e-02
1.221013476706051849e-02
1.240401180382316726e-02
1.259757530034772907e-02
1.279082066454537842e-02
1.298374333537770202e-02
1.317633878237605555e-02
1.336860250622148166e-02
1.356053003791429963e-02
1.375211693950420012e-02
1.394335880387887784e-02
1.413425125498922637e-02
1.432478994775210693e-02
1.451497056822601515e-02
1.470478883380806935e-02
1.489424049382608722e-02
1.508332132867121027e-02
1.527202715153556239e-02
1.546035380699285061e-02
1.564829717250489777e-02
1.583585315795148218e-02
1.602301770652788879e-02
1.620978679437288031e-02
1.639615643119098423e-02
1.658212266081086211e-02
1.676768156080808356e-02
1.695282924403375760e-02
1.713756185761282011e-02
1.732187558384552448e-02
1.750576664138818114e-02
1.768923128433715422e-02
1.787226580387793820e-02
1.805486652746612561e-02
1.823702982040992238e-02
1.841875208587061274e-02
1.860002976471964928e-02
1.878085933707542357e-02
1.896123732244069798e-02
1.914116027969727310e-02
1.932062480846919242e-02
1.949962754914513416e-02
1.967816518352162244e-02
1.985623443533339472e-02
2.003383207105435132e-02
2.021095515165955564e-02
2.038764555999418929e-02
2.056385687295295486e-02
2.073958608142004167e-02
2.091483022298820313e-02
2.108958638242166422e-02
2.126385169253383264e-02
2.143762333424086355e-02
2.161089853843563280e-02
2.178367458578356688e-02
2.195594880792251305e-02
2.212771858811202544e-02
2.229898136203055728e-02
2.246973461828444263e-02
2.263997590011343486e-02
2.280970280502429837e-02
2.297891298635976881e-02
2.314760415460691625e-02
2.331577407685687595e-02
2.348342057887856452e-02
2.365054154566757771e-02
2.381713492262632972e-02
2.398319871562624994e-02
2.414873099331608583e-02
2.431372988555379269e-02
2.447819358818362559e-02
2.464212036047974674e-02
2.480550852730670566e-02
2.496835648133672106e-02
2.513066268190229310e-02
2.529242565719594729e-02
2.545364400495986335e-02
2.561431639350947656e-02
2.577444156328354344e-02
2.593401832592087328e-02
2.609304556772865796e-02
2.625152224837585049e-02
2.640944740366285917e-02
2.656682014560874869e-02
2.672363966304511923e-02
2.687990522329504819e-02
2.703561617237372830e-02
2.719077193665224781e-02
2.734537202358573380e-02
2.749941602127237150e-02
2.765290360178664086e-02
2.780583452014142795e-02
2.795820861470896257e-02
2.811002581055441207e-02
2.826128611711425584e-02
2.841198963129880350e-02
2.856213653746202466e-02
2.871172710650860341e-02
2.886076169958023616e-02
2.900924076693380330e-02
2.915716484836978692e-02
2.930453457424490177e-02
2.945143213764057216e-02
2.959790062036887423e-02
2.974382243653956107e-02
2.988919861972496803e-02
3.003403029592918022e-02
3.017831868021108796e-02
3.032206508031751180e-02
3.046527089532176380e-02
3.060793761567345492e-02
3.075006682386358450e-02
3.089166019465160520e-02
3.103271949419246847e-02
3.117324658107241409e-02
3.131324340692004382e-02
3.145271201437829095e-02
3.159165453853689937e-02
3.173007320617602517e-02
3.186797033676465329e-02
3.200534834056628641e-02
3.214220972097116963e-02
3.227855707145720066e-02
3.241439307747898124e-02
3.254972051498352531e-02
3.268454225234791038e-02
3.281886124706475533e-02
3.295268054723084900e-02
3.308600329239837212e-02
3.321883271001442595e-02
3.335117211886085009e-02
3.348302869419893246e-02
3.361472918615759919e-02
3.374595561291725970e-02
3.387671158343531774e-02
3.400700078908115015e-02
3.413682700461871666e-02
3.426619408640978887e-02
3.439510597373229839e-02
3.452356668634502107e-02
3.465158032710523306e-02
3.477915107890417606e-02
3.490628320619666713e-02
3.503298105418785335e-02
3.515924904854747512e-02
3.528509169591238781e-02
3.541051358173873814e-02
3.553551937386940918e-02
3.566011381826340865e-02
3.578430174193600322e-02
3.590808805124395819e-02
3.603147773295516110e-02
3.615447585260295887e-02
3.627708755564111598e-02
3.639931806790283608e-02
3.652137000862878957e-02
3.664326689332495640e-02
3.676480173757174646e-02
3.688597989321798498e-02
3.700680678597317169e-02
3.712728791691185387e-02
3.724742886069392495e-02
3.736723526658546068e-02
3.748671285769639150e-02
3.760586743149705452e-02
3.772470485825093339e-02
3.784323108358320781e-02
3.796145212478173325e-02
3.807937407252094675e-02
3.819700309073812555e-02
3.831434541460426030e-02
3.843140735080024378e-02
3.854819527587043104e-02
3.866471563743333062e-02
3.878097495076667650e-02
3.889697979903283115e-02
3.901273683125439096e-02
3.912825276206906289e-02
3.924388200641924090e-02
3.935935544563736593e-02
3.947460664053044355e-02
3.958964229540084395e-02
3.970446916849312141e-02
3.981909407198443163e-02
3.993352386803106918e-02
4.004776546925072761e-02
4.016182583194054939e-02
4.027571195535149806e-02
4.038943087748719796e-02
4.050298967261301702e-02
4.061639544467363083e-02
4.072965532656546567e-02
4.084277647336544137e-02
4.095576605808325804e-02
4.106863126801827552e-02
4.118137929694053873e-02
4.129401734121728590e-02
4.140655259315424719e-02
4.151899223662271904e-02
4.163134343674465554e-02
4.174361333696730708e-02
4.185580904962248050e-02
4.196793764818601558e-02
4.208000616098911406e-02
4.219224275875694402e-02
4.230451073109360582e-02
4.241673220375540010e-02
4.252891375924705564e-02
4.264106189531684243e-02
4.275318301473891164e-02
4.286528341508897416e-02
4.297736927737536711e-02
4.308944665696584631e-02
4.320152146994614417e-02
4.331359948436792201e-02
4.342568630405820723e-02
4.353778736079468026e-02
4.364990789789722353e-02
4.376205295992033339e-02
4.387422737751140583e-02
4.398643575407811673e-02
4.409868245226333111e-02
4.421097158024666490e-02
4.432330697440486911e-02
4.443569218937094834e-02
4.454813047753555105e-02
4.466062477802408559e-02
4.477317769922194851e-02
4.488579150328783629e-02
4.499846809152601573e-02
4.511120898658597250e-02
4.522401531819875142e-02
4.533688780697390369e-02
4.544982674630400343e-02
4.556283199023202640e-02
4.567590293257795669e-02
4.578903849587017544e-02
4.590223711366479137e-02
4.601549671297837374e-02
4.612881470375691795e-02
4.624218795966507367e-02
4.635561280717594157e-02
4.646908500872712344e-02
4.658259975228073307e-02
4.669615163626632953e-02
4.680973465963814834e-02
4.692334220864221445e-02
4.703696704910940302e-02
4.715060131509318797e-02
4.726423650096910761e-02
4.737786345647072850e-02
4.749147237950521183e-02
4.760505281158278201e-02
4.771859363698550266e-02
4.783208307844971641e-02
4.794550870217801491e-02
4.805885741739955586e-02
4.817211548034504992e-02
4.828526850417674821e-02
4.839830146363700153e-02
4.851119870872471623e-02
4.862394397617374187e-02
4.873652040736326657e-02
4.884891056274305587e-02
4.896109644727703047e-02
4.907305952926879072e-02
4.918478077087605482e-02
4.929624065222101836e-02
4.940741920702394069e-02
4.951829605341073748e-02
4.962916414650489494e-02
4.973974374947236904e-02
4.984996936878949292e-02
4.995981925965673615e-02
5.006927145913175892e-02
5.017830383554880425e-02
5.028689413948880110e-02
5.039502005662358647e-02
5.050265926290792989e-02
5.060978948248474191e-02
5.071638854263323115e-02
5.082243443771249786e-02
5.092790538649062670e-02
5.103277989435955203e-02
5.113703681679411528e-02
5.124065541877061841e-02
5.134361543971910358e-02
5.144589715341462560e-02
5.154748143045849440e-02
5.164834979788895247e-02
5.174848449916668452e-02
5.184786855060983385e-02
5.194697556871268052e-02
5.204536484498046428e-02
5.214296233366139122e-02
5.223975412732149992e-02
5.233572732205819811e-02
5.243087005578044718e-02
5.252517154770561247e-02
5.261862212908014619e-02
5.271121327305944293e-02
5.280293761585026086e-02
5.289378897446898181e-02
5.298376236026024200e-02
5.307285398365823442e-02
5.316106125599479038e-02
5.324921302113082983e-02
5.333699480129697884e-02
5.342376420638347834e-02
5.351009046049568646e-02
5.359549963223103619e-02
5.367990924848573681e-02
5.376332789300247716e-02
5.384576542076113803e-02
5.392723288833903283e-02
5.400774248089672963e-02
5.408730743396172880e-02
5.416594195263420980e-02
5.424366112697533854e-02
5.432048084647823211e-02
5.439641771132885245e-02
5.447148894315279738e-02
5.454571229448845066e-02
5.461910595755629927e-02
5.469168847344573620e-02
5.476371578171920079e-02
5.483517067277079993e-02
5.490585196440710136e-02
5.497577818475676836e-02
5.504496780813511458e-02
5.511343917025657985e-02
5.518121038530652417e-02
5.524829926402667624e-02
5.531472323355518528e-02
5.538049925939481088e-02
5.544564376879616147e-02
5.551017257608743816e-02
5.557410081057632956e-02
5.563744284592313932e-02
5.570021223227390739e-02
5.576242163064109442e-02
5.582408274969218737e-02
5.588520628537345381e-02
5.594580186331261223e-02
5.600587798435603670e-02
5.606544197316602751e-02
5.612449993042820801e-02
5.618305668890567761e-02
5.624111577307400189e-02
5.629867936354115976e-02
5.635574826566988604e-02
5.641232188323473673e-02
5.646839819741174271e-02
5.652397375096342158e-02
5.657904363870548681e-02
5.663360150388940112e-02
5.668763954133019395e-02
5.674114850715304692e-02
5.679411773583204620e-02
5.684653516460520112e-02
5.689838736528085583e-02
5.694965958437494397e-02
5.700033579061399708e-02
5.705039873094117087e-02
5.709982999475041177e-02
5.714861008521886915e-02
5.719671850038062638e-02
5.724413382052412347e-02
5.729083380413793614e-02
5.733679549100473283e-02
5.738199531212025140e-02
5.742640920609294597e-02
5.747001274249520508e-02
5.751278124906731432e-02
5.755468994509987252e-02
5.759571407816627131e-02
5.763582906392746008e-02
5.767501062896832065e-02
5.771323495414819316e-02
5.775047881959793211e-02
5.778671974815086099e-02
5.782193614815486771e-02
5.785610745387512188e-02
5.789001058672733208e-02
5.792324605461950104e-02
5.795550244026157621e-02
5.798676790862353214e-02
5.801703183582305329e-02
5.804628489262694119e-02
5.807451911723756494e-02
5.810172798534999489e-02
5.812790647024482227e-02
5.815305109832365899e-02
5.817715999564301854e-02
5.820023292676378829e-02
5.822227132602247196e-02
5.824327832161548674e-02
5.826325874986964387e-02
5.828221916168570271e-02
5.830016782299157763e-02
5.831711470580722145e-02
5.833307146960597933e-02
5.834805144062649856e-02
5.836206957854820493e-02
5.837514243973477429e-02
5.838728813322670991e-02
5.839888496707931059e-02
5.840974483157899272e-02
5.841975296655974037e-02
5.842893233550663229e-02
5.843730713200607357e-02
5.844490271161121436e-02
5.845174551842085425e-02
5.845786301030623383e-02
5.846328358214261667e-02
5.846803648577197920e-02
5.847247673126827056e-02
5.847660089942089551e-02
5.848015247970614339e-02
5.848316248724644284e-02
5.848566240105861069e-02
5.848768408451670425e-02
5.848925970674960506e-02
5.849042166598961839e-02
5.849140859508508705e-02
5.849246926335441993e-02
5.849320995781927268e-02
5.849366255894580813e-02
5.849385883487956406e-02
5.849383037416267667e-02
5.849360851803728917e-02
5.849322429589902395e-02
5.849311214287209598e-02
5.849307515839824445e-02
5.849295707301493952e-02
5.849278663684583796e-02
5.849259202019845005e-02
5.849240075517655318e-02
5.849223968309674726e-02
5.849213490077984079e-02
5.849236110738726541e-02
5.849293557341967570e-02
5.849362753074296289e-02
5.849445945036890748e-02
5.849545284123247590e-02
5.849662820148884140e-02
5.849800497226255447e-02
5.849960149278033567e-02
5.850143495719444670e-02
5.850352136975690842e-02
5.850616050541008334e-02
5.850915312245950212e-02
5.851242667515868523e-02
5.851599214651634351e-02
5.851985915422140694e-02
5.852403591515208808e-02
5.852852920622499122e-02
5.853334433441505225e-02
5.853848510170762964e-02
5.854395377502407544e-02
5.854975105931775614e-02
5.855587606867759115e-02
5.856232630382003645e-02
5.856909762914280088e-02
5.857621737822570063e-02
5.858379757692615264e-02
5.859166752224315849e-02
5.859981676395013828e-02
5.860823316429953495e-02
5.861690289241419660e-02
5.862581042802572640e-02
5.863493856496486412e-02
5.864426842313431865e-02
5.865377946509389706e-02
5.866344951539204100e-02
5.867325478956053608e-02
5.868316992732006826e-02
5.869316803076861377e-02
5.870322071342142650e-02
5.871329815309602601e-02
5.872336915264916857e-02
5.873340121001696668e-02
5.874336059267463300e-02
5.875321242269931910e-02
5.876292076960287769e-02
5.877244874800495456e-02
5.878175862564792575e-02
5.879081193851026788e-02
5.879956961086414691e-02
5.880799208276195345e-02
5.881603944682777668e-02
5.882367158441588473e-02
5.883084831013856569e-02
5.883752952065470637e-02
5.884367534389498000e-02
5.884924629097779830e-02
5.885420341059579424e-02
5.885850843932990961e-02
5.886212395356536092e-02
5.886501351740965754e-02
5.886714182463751582e-02
5.886847483944063902e-02
5.886897992553030007e-02
5.886862597132309916e-02
5.886738350388488056e-02
5.886522479412632097e-02
5.886212395134227809e-02
5.885806508762703865e-02
5.885312660931284884e-02
5.884718329711663420e-02
5.884021718868220202e-02
5.883221241973898147e-02
5.882315524242547750e-02
5.881303402674298991e-02
5.880183925134140760e-02
5.878956347948663397e-02
5.877620132283620930e-02
5.876174939265823433e-02
5.874620623983536905e-02
5.872957228437418464e-02
5.871184973367710863e-02
5.869304249366340959e-02
5.867315607096241364e-02
5.865219746807977252e-02
5.863017507326728078e-02
5.860709854553686204e-02
5.858297869513866968e-02
5.855782736287255125e-02
5.853165729711952425e-02
5.850448202933890979e-02
5.847631575174077473e-02
5.844717319542977463e-02
5.841706950988634350e-02
5.838602014673116569e-02
5.835404074652374151e-02
5.832114702927947841e-02
5.828735469066939623e-02
5.825267930357638096e-02
5.821713622444185665e-02
5.818074050651581702e-02
5.814350681966182210e-02
5.810544937588772718e-02
5.806658186262426968e-02
5.802691738243934139e-02
5.798646839918911861e-02
5.794524669193380079e-02
5.790326331509328822e-02
5.786052856556535978e-02
5.781705195633619898e-02
5.777284219639697987e-02
5.772790717720340664e-02
5.768225396472104194e-02
5.763588879747939125e-02
5.758881708996480692e-02
5.754104344101035329e-02
5.749257164703910211e-02
5.744340472046034762e-02
5.739354491125321645e-02
5.734299373298534785e-02
5.729175199274300773e-02
5.723981982351901421e-02
5.718719671999968751e-02
5.713388157658909339e-02
5.707987272820991970e-02
5.702516799255066132e-02
5.696976471399987918e-02
5.691365980904226213e-02
5.685684981301932645e-02
5.679933092665448435e-02
5.674109906428934785e-02
5.668214990166547257e-02
5.662247892346521788e-02
5.656208147121535856e-02
5.650095279077758936e-02
5.643908807788824977e-02
5.637648252465856519e-02
5.631313136362978838e-02
5.624902991115432460e-02
5.618417360930593601e-02
5.611855806602835534e-02
5.605217909385490360e-02
5.598503274685964759e-02
5.591711535525186599e-02
5.584842355855025586e-02
5.577895433628429073e-02
5.570870503659098444e-02
5.563767340258046062e-02
5.556585759649851353e-02
5.549325622142166348e-02
5.541986834116625210e-02
5.534569349648284925e-02
5.527073172115281458e-02
5.519498355311711763e-02
5.511845004496374739e-02
5.504113277244560704e-02
5.496303383875038306e-02
5.488415587848485822e-02
5.480450205860058766e-02
5.472407607707482219e-02
5.464288216023118622e-02
5.456092505729812081e-02
5.447824581356903312e-02
5.439498418349033443e-02
5.431097776690199663e-02
5.422623311291542569e-02
5.414075724145735874e-02
5.405455762672894959e-02
5.396764218097397509e-02
5.388001923646730529e-02
5.379169752638806451e-02
5.370268616393897992e-02
5.361299462129039128e-02
5.352263270725837740e-02
5.343161054298321139e-02
5.333993853937589458e-02
5.324762737109783178e-02
5.315468795216265335e-02
5.306113140954349383e-02
5.296696905717171444e-02
5.287221236963487309e-02
5.277687295508277227e-02
5.268096252917887912e-02
5.258449288696477597e-02
5.248747587745990900e-02
5.238992337619494122e-02
5.229184725919005378e-02
5.219325937666055570e-02
5.209417152696207975e-02
5.199459543166291831e-02
5.189456251084512139e-02
5.179422516033172635e-02
5.169343076521291241e-02
5.159219039360412457e-02
5.149051492461428209e-02
5.138841502837208919e-02
5.128590114412560907e-02
5.118298346201390764e-02
5.107967190364999521e-02
5.097597610530698459e-02
5.087190540010604056e-02
5.076746880431594333e-02
5.066267500182550232e-02
5.055753233119812673e-02
5.045204877211549588e-02
5.034623193738815145e-02
5.024008905984422152e-02
5.013362698590240196e-02
5.002685216579746269e-02
4.991977065002601438e-02
4.981238808033847110e-02
4.970470968940016859e-02
4.959674029493805342e-02
4.948848429900568752e-02
4.937994568730535300e-02
4.927112802813642806e-02
4.916203447628521295e-02
4.905266777113462956e-02
4.894303024465204710e-02
4.883312382217536857e-02
4.872295002938330233e-02
4.861250999657393962e-02
4.850180446735236073e-02
4.839083380530865425e-02
4.827959800251120648e-02
4.816809668880939199e-02
4.805632914092597407e-02
4.794429429421943195e-02
4.783199075258804528e-02
4.771941679958815324e-02
4.760657041189614302e-02
4.749344927057554122e-02
4.738005077401259008e-02
4.726637205208004955e-02
4.715240997797487399e-02
4.703816118334359919e-02
4.692362207118947609e-02
4.680878883139179270e-02
4.669365745295683129e-02
4.657822374015511274e-02
4.646248332551120019e-02
4.634643168504298111e-02
4.623006415183863321e-02
4.611337593122075140e-02
4.599636211361129295e-02
4.587901768949465692e-02
4.576133756298008531e-02
4.564331656414797461e-02
4.552494946491651012e-02
4.540623098943881442e-02
4.528715582797997186e-02
4.516771865022963656e-02
4.504791411540678275e-02
4.492773688575287666e-02
4.480718163660368791e-02
4.468624306811673497e-02
4.456491591563194882e-02
4.444319495905437595e-02
4.432107503383814207e-02
4.419855103912476157e-02
4.407561794656121579e-02
4.395227080940856262e-02
4.382850476920550908e-02
4.370431506419678036e-02
4.357969703569707087e-02
4.345464613477109661e-02
4.332915792761123791e-02
4.320322810142722403e-02
4.307685247118799715e-02
4.295002698101801908e-02
4.282274771076748088e-02
4.269501087886758139e-02
4.256681284715647245e-02
4.243815012085459110e-02
4.230901935490714860e-02
4.217941735290796357e-02
4.204934107169711055e-02
4.191878762002827774e-02
4.178775426289402933e-02
4.165623842033498031e-02
4.152423766833472640e-02
4.139174973973525767e-02
4.125877252350775015e-02
4.112530406594783194e-02
4.099134256825956446e-02
4.085688638794039707e-02
4.072193403660534505e-02
4.058648417995708302e-02
4.045053563526609247e-02
4.031408737183093255e-02
4.017713850816616999e-02
4.003968831169446574e-02
3.990173619539093275e-02
3.976328171759295482e-02
3.962432457960478327e-02
3.948486462340381614e-02
3.934526488230994518e-02
3.920539334284756094e-02
3.906501120854697501e-02
3.892411876421999345e-02
3.878271643330522683e-02
3.864080477395376995e-02
3.849838447989418350e-02
3.835545637411499897e-02
3.821202140853357382e-02
3.806808066059799017e-02
3.792363533142471127e-02
3.777868674292841900e-02
3.763323633580320515e-02
3.748728566666973544e-02
3.734083640523586101e-02
3.719389033461678595e-02
3.704644934532825423e-02
3.689851543609464629e-02
3.675009071032177971e-02
3.660117737421379747e-02
3.645177773519136383e-02
3.630189419912720900e-02
3.615152926886099072e-02
3.600068554168291135e-02
3.584936570855949689e-02
3.569757255052746769e-02
3.554530893859827317e-02
3.539257783049454265e-02
3.523938226908831378e-02
3.508572538154898501e-02
3.493161037563989602e-02
3.477704054009845419e-02
3.462201924054416485e-02
3.446654991928173317e-02
3.431067605993316783e-02
3.415436914941095276e-02
3.399762508116978277e-02
3.384044760212275710e-02
3.368284052410510515e-02
3.352480772316274171e-02
3.336635313738592346e-02
3.320748076376978108e-02
3.304819465774251619e-02
3.288849892964728489e-02
3.272839774324568657e-02
3.256789531291350709e-02
3.240699590205207287e-02
3.224570382081695663e-02
3.208402342301036603e-02
3.192195910448904911e-02
3.175951530025962477e-02
3.159669648276679232e-02
3.143350715840401849e-02
3.126995186583710756e-02
3.110603517348426925e-02
3.094176167600826144e-02
3.077713599338285921e-02
3.061216276664681379e-02
3.044684665638742668e-02
3.028119233992713696e-02
3.011520450784488726e-02
2.994888786259673405e-02
2.978224711554623358e-02
2.961528698364461823e-02
2.944801218668527051e-02
2.928042744664220015e-02
2.911253748209911146e-02
2.894434700812302877e-02
2.877586073185126048e-02
2.860708335183787671e-02
2.843801955344661334e-02
2.826867400769740926e-02
2.809905136828513492e-02
2.792915626948748800e-02
2.775899332287042401e-02
2.758856711607870354e-02
2.741790204282942844e-02
2.724704055700012326e-02
2.707592939133442872e-02
2.690457299242429365e-02
2.673297577067541148e-02
2.656114209959884939e-02
2.638907631191545963e-02
2.621678269961863136e-02
2.604426551115182620e-02
2.587152894964078742e-02
2.569857717215994972e-02
2.552541428702524359e-02
2.535204435355929362e-02
2.517847137975243871e-02
2.500469932167594111e-02
2.483073208138302651e-02
2.465657350724744304e-02
2.448222739153779401e-02
2.430769747028678485e-02
2.413298742181389095e-02
2.395810086709645320e-02
2.378304136743353628e-02
2.360781242505886890e-02
2.343241748269141514e-02
2.325693788851243560e-02
2.308130898766862921e-02
2.290552336444040549e-02
2.272958419555500334e-02
2.255349459713367963e-02
2.237725762366698026e-02
2.220087626992805346e-02
2.202435346939097746e-02
2.184769209519267855e-02
2.167089496022484366e-02
2.149396481816620921e-02
2.131690436251965082e-02
2.113971622887447083e-02
2.096240299353579334e-02
2.078496717585362127e-02
2.060741123769942174e-02
2.042973758497861753e-02
2.025201521886075759e-02
2.007420067029732497e-02
1.989627417145497720e-02
1.971823789675531194e-02
1.954009396919604430e-02
1.936184446130745015e-02
1.918349139636584683e-02
1.900503674893290820e-02
1.882648244668927787e-02
1.864783037078656183e-02
1.846908235781727706e-02
1.829024019976360077e-02
1.811130564665728790e-02
1.793228040677936549e-02
1.775316614810739518e-02
1.757404643167026839e-02
1.739484058111466849e-02
1.721554912030802062e-02
1.703617356381787601e-02
1.685671539307134412e-02
1.667717605706316858e-02
1.649755697399925281e-02
1.631785953201477651e-02
1.613808509090670223e-02
1.595823498353884928e-02
1.577831051616127023e-02
1.559831297050351222e-02
1.541824360514143684e-02
1.523810365562040109e-02
1.505795943022843544e-02
1.487775526543480206e-02
1.469748264575619981e-02
1.451714273323370837e-02
1.433673667374943221e-02
1.415626559802318427e-02
1.397573062294615344e-02
1.379513285228275467e-02
1.361447337898124069e-02
1.343375328396432221e-02
1.325297363925303021e-02
1.307213550783567317e-02
1.289123994480104694e-02
1.271032488905864295e-02
1.252938211085084623e-02
1.234838359425215540e-02
1.216733038176171823e-02
1.198622351294543510e-02
1.180506402504009379e-02
1.162385295384802189e-02
1.144259133475059032e-02
1.126128020340669104e-02
1.107992059602579647e-02
1.089851355096409236e-02
1.071706010868965324e-02
1.053556131266229420e-02
1.035404890055429371e-02
1.017251800688395713e-02
9.990943574541647290e-03
9.809326678512714920e-03
9.627668399917152162e-03
9.445969827366340610e-03
9.264232057093094858e-03
9.082456193658043631e-03
8.900643351112893717e-03
8.718794652979549101e-03
8.536911233516134706e-03
8.354994238113425814e-03
8.173051163320519188e-03
7.991118540071034948e-03
7.809154620464123231e-03
7.627160613797100835e-03
7.445137744582146049e-03
7.263087253763464771e-03
7.081010400058634219e-03
6.898908461228357193e-03
6.716782735650871083e-03
6.534634544263598702e-03
6.352465232664782253e-03
6.170276173692356217e-03
5.988072425528107208e-03
5.805889343308352941e-03
5.623689642608834492e-03
5.441474834558058908e-03
5.259246475662092586e-03
5.077006174197076262e-03
4.894755598775217542e-03
4.712496487809298210e-03
4.530230662562043965e-03
4.347960042353353136e-03
4.165686664529657038e-03
3.983412709628772821e-03
3.801147096186667518e-03
3.618912439718104980e-03
3.436683290764117483e-03
3.254462702695896763e-03
3.072254140071472173e-03
2.890061606056365442e-03
2.707889821250936396e-03
2.525744480024971934e-03
2.343632625975838012e-03
2.161563217329212812e-03
1.979548003207294918e-03
1.797602931605350729e-03
1.615750505350414075e-03
1.434023924707443194e-03
1.252474820091550390e-03
1.071188805365803822e-03
8.903198957088364045e-04
7.103317057413061335e-04
5.321399850203123276e-04
4.297828712250462342e-04
5.113473463129574728e-04
