5.851075406401805290e-02
5.845001776122746989e-02
5.838818502411453198e-02
5.832529978751557764e-02
5.826140575666075710e-02
5.819654635834250328e-02
5.813076469770832311e-02
5.806453018527642229e-02
5.799758311151269330e-02
5.792984852127992107e-02
5.786136747907779515e-02
5.779218056577640344e-02
5.772232784511091563e-02
5.765210536428802546e-02
5.754800567905277858e-02
5.747735389920771709e-02
5.740618327566845286e-02
5.733496799130254062e-02
5.726348965514256595e-02
5.719160042679064665e-02
5.711933336979854031e-02
5.704672099494954851e-02
5.697423078173436545e-02
5.690169041911487258e-02
5.682890342974569048e-02
5.675589987838812467e-02
5.668288985568275401e-02
5.661024348728035949e-02
5.653747156139539431e-02
5.646460163428516227e-02
5.639197991558812795e-02
5.631972841285320941e-02
5.624746204562693086e-02
5.617520584098516234e-02
5.610362981056807308e-02
5.603223260252594012e-02
5.596092083617906776e-02
5.589019588313150905e-02
5.581991418329423221e-02
5.574978726423707176e-02
5.568045641224965425e-02
5.561151731688724481e-02
5.554288031297317796e-02
5.547523392110455254e-02
5.540784577556269463e-02
5.534116051104483180e-02
5.527520091348389619e-02
5.520962107055193968e-02
5.514517890515318460e-02
5.508108191467134263e-02
5.501798602507606412e-02
5.495552060654756293e-02
5.489399721667108378e-02
5.483323572243161553e-02
5.480800663164112768e-02
5.474957042807419849e-02
5.469173367081759524e-02
5.463493316310363140e-02
5.457894685501187004e-02
5.452387290435523753e-02
5.446978087098708343e-02
5.441646184389616059e-02
5.436430255660699984e-02
5.431290599135739361e-02
5.426271001111497572e-02
5.421324807537276219e-02
5.416504039140161708e-02
5.411738533913427324e-02
5.407118781800248491e-02
5.402552534628691366e-02
5.398117692899254833e-02
5.393754649730401335e-02
5.389497732712027894e-02
5.385338913017137519e-02
5.381266542770616473e-02
5.377312294428392841e-02
5.373418347769964160e-02
5.369668593267454965e-02
5.365973634808366560e-02
5.362390229062047320e-02
5.358899390088852493e-02
5.355470524723007081e-02
5.352183032772920429e-02
5.348949952113225131e-02
5.345813520924071194e-02
5.342782329841513911e-02
5.339805090390149778e-02
5.336957557052914025e-02
5.334180026576355871e-02
5.331462800017620907e-02
5.328882958847134393e-02
5.326355830424212706e-02
5.323892565612478589e-02
5.321560439756546634e-02
5.319280185992447674e-02
5.317057550093737261e-02
5.314969294628692220e-02
5.312931983454353968e-02
5.310945427334122504e-02
5.309084904031706464e-02
5.307286160146654219e-02
5.305537170188532464e-02
5.303887489412693196e-02
5.302322808037963908e-02
5.300806847256252230e-02
5.299349995786947071e-02
5.298014732913740310e-02
5.296727145086597283e-02
5.295487028682226149e-02
5.294327960042419234e-02
5.293263951023580854e-02
5.292246379575543669e-02
5.291275051840639565e-02
5.290399170511392996e-02
5.289599515375753569e-02
5.288845107718982697e-02
5.288135769888449578e-02
5.287523027815285714e-02
5.286981056144899466e-02
5.286483216757338621e-02
5.286029353495960703e-02
5.285650366545503742e-02
5.285359630627004673e-02
5.285112008547665496e-02
5.284907369870578409e-02
5.284745590864974724e-02
5.284697303813926800e-02
5.284694016620662682e-02
5.284732837587226978e-02
5.284813672509709043e-02
5.284954992268312002e-02
5.285190647564704663e-02
5.285467665009192101e-02
5.285785981984294363e-02
5.286145543643024775e-02
5.286577784980789341e-02
5.287088417817012442e-02
5.287639774106998175e-02
5.288231831933182941e-02
5.288864577316969295e-02
5.289563412959508854e-02
5.290343931069961536e-02
5.291164748710187188e-02
5.292025884998192986e-02
5.292927366915164966e-02
5.293869229267842563e-02
5.294905534912985184e-02
5.295991916327046078e-02
5.297118444859304220e-02
5.298285187204232471e-02
5.299492217525630933e-02
5.300753508446150175e-02
5.302102778510957987e-02
5.303492225277741529e-02
5.304921952665966195e-02
5.306392071499210078e-02
5.307902699494281007e-02
5.309475983957367279e-02
5.311126892687226958e-02
5.312818329185444582e-02
5.314550437224398877e-02
5.316323366568476844e-02
5.318137272917169284e-02
5.319992317778576840e-02
5.321943745039085794e-02
5.323937437886990670e-02
5.325972410494864834e-02
5.328048844797081407e-02
5.330166927464612125e-02
5.332326849740616492e-02
5.334541360065722659e-02
5.336838767375338966e-02
5.339178230737572084e-02
5.341559955948316230e-02
5.343984152267229615e-02
5.346451032080123261e-02
5.348960810794062271e-02
5.351513706467793396e-02
5.353700640131909411e-02
5.355862834947407169e-02
5.358061239677244098e-02
5.360296469106544393e-02
5.362569143238795494e-02
5.364879887149115456e-02
5.367229330402696619e-02
5.369618106580791028e-02
5.372046852996800737e-02
5.374549103690860058e-02
5.377098549296852048e-02
5.379689756845668080e-02
5.382323369403773511e-02
5.385000030988604941e-02
5.387720386189631672e-02
5.390485079271714608e-02
5.393294754226592852e-02
5.396150053744672159e-02
5.399062007313330108e-02
5.402047608697972680e-02
5.405080563602786270e-02
5.408161498270365464e-02
5.411291034674619443e-02
5.414469790276001115e-02
5.417698377253270942e-02
5.420977401772987536e-02
5.424307463832819809e-02
5.427689156097161710e-02
5.431123063687193914e-02
5.434627492025548984e-02
5.438201725505670964e-02
5.441829595441107642e-02
5.445511640239129869e-02
5.449248387015502570e-02
5.453040351183501000e-02
5.456888035470212894e-02
5.460791929418854634e-02
5.464752508918411383e-02
5.468770235019458636e-02
5.472845553467163560e-02
5.476978893905196100e-02
5.481194680457134732e-02
5.485474948002644346e-02
5.489814007574501942e-02
5.494212205387394299e-02
5.498669867563797664e-02
5.503187299241267538e-02
5.507764784313046169e-02
5.512402584147684664e-02
5.517100936800205940e-02
5.521860056560197461e-02
5.526680132771700366e-02
5.531561329227172724e-02
5.536503783068565804e-02
5.541507604306438600e-02
5.546581285170902598e-02
5.551730301708191623e-02
5.556940256127205352e-02
5.562211128660649040e-02
5.567542868133663891e-02
5.572935391005506833e-02
5.578388580440307026e-02
5.583902285408766375e-02
5.589476320186952119e-02
5.595110462796991369e-02
5.600804454938278915e-02
5.606558000383861373e-02
5.612370764581828264e-02
5.618242373634396020e-02
5.624172413348314803e-02
5.630160428545865486e-02
5.636205921931490559e-02
5.642308353443399593e-02
5.648467139423272998e-02
5.654681651414554533e-02
5.660951215751280907e-02
5.667275112403279830e-02
5.673652574202137783e-02
5.680082785961430153e-02
5.686564883945731397e-02
5.693097954630829682e-02
5.699681034192028567e-02
5.706313107398525153e-02
5.712993107354210481e-02
5.719719914152621154e-02
5.726492354457292377e-02
5.733309200719233917e-02
5.740169170374113949e-02
5.747070925324861135e-02
5.754013070950729503e-02
5.760994155785004178e-02
5.768012670495113042e-02
5.775067047913175905e-02
5.782155661652269713e-02
5.789276826118175401e-02
5.796428795982384169e-02
5.803609765198459308e-02
5.810817867337548376e-02
5.818051174264443626e-02
5.825307696624130310e-02
5.832585382940812246e-02
5.839882119514138575e-02
5.847195730249413886e-02
5.854523976388147088e-02
5.861864556293668038e-02
5.869215105660367110e-02
5.876573197081758765e-02
5.883936340489389488e-02
5.891301982887241218e-02
5.898667508811913235e-02
5.906030240498152950e-02
5.913387438086088049e-02
5.920736300228557347e-02
5.928073964176422406e-02
5.935397507010378715e-02
5.942703945447396635e-02
5.949990237424477441e-02
5.957253282210004525e-02
5.964490177742749755e-02
5.971718891768696552e-02
5.978915064506425125e-02
5.986075342138476307e-02
5.993196317269706974e-02
6.000274530730141664e-02
6.007306473043935030e-02
6.014288586328446484e-02
6.021217266262422763e-02
6.028088863947245191e-02
6.034899688477942531e-02
6.041646009098496778e-02
6.048324057675896065e-02
6.054930031453961692e-02
6.061460096107305906e-02
6.067910388321019061e-02
6.074277019411829931e-02
6.080556078343404836e-02
6.086743635485308834e-02
6.092835746236611311e-02
6.098846270086007854e-02
6.104757070623231113e-02
6.110560168876133513e-02
6.116251561977414236e-02
6.121827253676730141e-02
6.127283259177304653e-02
6.132615610303944476e-02
6.137820360650945994e-02
6.142893591251831487e-02
6.147831416008335548e-02
6.152629987591569372e-02
6.157285503543585836e-02
6.161794212286634403e-02
6.166152419521287592e-02
6.170356494715582146e-02
6.174402877740035184e-02
6.178288085607901159e-02
6.182008719409615161e-02
6.185561471239439668e-02
6.188943131451726115e-02
6.192150595748713293e-02
6.195180872507038972e-02
6.198031090078926636e-02
6.200698504216857476e-02
6.203180505410472306e-02
6.205474626305353125e-02
6.207578549054484224e-02
6.209490112681234630e-02
6.211207320266112081e-02
6.212728346094800735e-02
6.214051542747273810e-02
6.215175447907667766e-02
6.216098791042131561e-02
6.216820499898736280e-02
6.217339706702598029e-02
6.217655754097586862e-02
6.217768200765715070e-02
6.217676826700457154e-02
6.217381638091450807e-02
6.216882871791751947e-02
6.216180999331148704e-02
6.215276730428553886e-02
6.214171015994027908e-02
6.212865050553962459e-02
6.211360274088047195e-02
6.209658373219606453e-02
6.207761281802310488e-02
6.205671180738439596e-02
6.203390497147622668e-02
6.200921902704014527e-02
6.198268311301035477e-02
6.195432875883023077e-02
6.192418984466789567e-02
6.189230255314161211e-02
6.185870531274472589e-02
6.182343873417397995e-02
6.178654553657052240e-02
6.174807046500998403e-02
6.170806020218593674e-02
6.166656326864571047e-02
6.162362991950062069e-02
6.157931202601860804e-02
6.153366295814458042e-02
6.148673745403401142e-02
6.143859148391541541e-02
6.138928211030581644e-02
6.133886733813854325e-02
6.128740596394467721e-02
6.123495741552533594e-02
6.118158159330682605e-02
6.112733870283862392e-02
6.107228908983416277e-02
6.101649306826871511e-02
6.096001075279783993e-02
6.090328363308166598e-02
6.084606061674263655e-02
6.078836799237233995e-02
6.073026446655876986e-02
6.067180764489604750e-02
6.061305387046548449e-02
6.055405806490068987e-02
6.049532886922576180e-02
6.043676037846257287e-02
6.037814945526832899e-02
6.031954444194250614e-02
6.026099149742351890e-02
6.020342718865374226e-02
6.014609322803698283e-02
6.008898173257020553e-02
6.003246555175385107e-02
5.997703265452606486e-02
5.992196883450880834e-02
5.986759251543631588e-02
5.981460924388291162e-02
5.976211362506352043e-02
5.971091206237621324e-02
5.966074124742228729e-02
5.961110939053759078e-02
5.956322811625326674e-02
5.951622064628230013e-02
5.947119849024223165e-02
5.942723291969534416e-02
5.938520350010449700e-02
5.934457519609612902e-02
5.930562444949934869e-02
5.926868817521861732e-02
5.923326014692689712e-02
5.919986065661766300e-02
5.916846157401655509e-02
5.913879755437818908e-02
5.911095491054624285e-02
5.908548936763633602e-02
5.906199347425760554e-02
5.904048825927805250e-02
5.902091577229092584e-02
5.900339647149316358e-02
5.898795658901504618e-02
5.897448887285940133e-02
5.896296302379527843e-02
5.895334700866557143e-02
5.894557841874349668e-02
5.893962106246565524e-02
5.893537458164618131e-02
5.893262617698245831e-02
5.893126298707513505e-02
5.893112780851381127e-02
5.893215326372109458e-02
5.893415834044008622e-02
5.893686495685600962e-02
5.894021671118683525e-02
5.894428198358095394e-02
5.894851174347248701e-02
5.895283318927374561e-02
5.895760986652878038e-02
5.896204186442573214e-02
5.896646955900482212e-02
5.897043743222653983e-02
5.897411147302759893e-02
5.897705343355785779e-02
5.897965041616136384e-02
5.898110693237570284e-02
5.898219527782364718e-02
5.898214681626139794e-02
5.898097539453853178e-02
5.897913560178680292e-02
5.897589177320691767e-02
5.897126634889283264e-02
5.896587116235569442e-02
5.895894878873781525e-02
5.895047220523520759e-02
5.894051859534273768e-02
5.892950689616669596e-02
5.891685121849193213e-02
5.890253597164437499e-02
5.888654840703340387e-02
5.886894306804338339e-02
5.885008862230375198e-02
5.882951534281771755e-02
5.880722174668665675e-02
5.878320902338320803e-02
5.875748097873350478e-02
5.873004397214158512e-02
5.870090685005514147e-02
5.867031160595313766e-02
5.863811579823367121e-02
5.860423835709533541e-02
5.856869774007198576e-02
5.853151451235374253e-02
5.849271125676298172e-02
5.845231248192916257e-02
5.841034452939028454e-02
5.836683547517468318e-02
5.832181503579222936e-02
5.827531446725912195e-02
5.822736646794012677e-02
5.817800507850137692e-02
5.812726558209299621e-02
5.807518440634484858e-02
5.802179902368928555e-02
5.796714785405922971e-02
5.791127016724922222e-02
5.785420598910538670e-02
5.779599600636137202e-02
5.773668147556131752e-02
5.767630413277233942e-02
5.761490610549779151e-02
5.755252982958371233e-02
5.748921796396617989e-02
5.742501331146093041e-02
5.735995874465438932e-02
5.729409712795281717e-02
5.722747124955231135e-02
5.716012375239182958e-02
5.705519939425762049e-02
5.698727707869414433e-02
5.691877432377683704e-02
5.684973034804449710e-02
5.678022514551502031e-02
5.671042022697264651e-02
5.664019821479219369e-02
5.656959628900336268e-02
5.649865107203202313e-02
5.642739860182628686e-02
5.635587430104464779e-02
5.628411295626925548e-02
5.621214869062438751e-02
5.614001494804035652e-02
5.606774447271562628e-02
5.599536929532770990e-02
5.592292071830886474e-02
5.585069626311061491e-02
5.577851945024219632e-02
5.570636687541003634e-02
5.563426676126456694e-02
5.556224656920108473e-02
5.549033299748626358e-02
5.541855197661975374e-02
5.534692867579998204e-02
5.527567073695342087e-02
5.520484051012924942e-02
5.513424676418678116e-02
5.506391155117189989e-02
5.499385617898470274e-02
5.492410121766742176e-02
5.485466650942955047e-02
5.478589719265743174e-02
5.471763389230158842e-02
5.464975347153575719e-02
5.458227283921281842e-02
5.451520822723553150e-02
5.444881412866917070e-02
5.438315336977977282e-02
5.431796027314531733e-02
5.425324834089007009e-02
5.418903045891684811e-02
5.412583926283182079e-02
5.406322048953786374e-02
5.400113713353037886e-02
5.393959959721748160e-02
5.387895175300584649e-02
5.381915093320645271e-02
5.375992962983137252e-02
5.370129596511442199e-02
5.364368734744081463e-02
5.358690595964537423e-02
5.353073877081750143e-02
5.347523566945475842e-02
5.342100054591731456e-02
5.336740107443156689e-02
5.331444187012056302e-02
5.326281896093583434e-02
5.321186948386911336e-02
5.316161904578572961e-02
5.311272110356703852e-02
5.306448763698450033e-02
5.302802613278662092e-02
5.298135671589496859e-02
5.293600482087566783e-02
5.289133018075733994e-02
5.284748271032329442e-02
5.280492219517167463e-02
5.276303976687239661e-02
5.272210327423476617e-02
5.268235061619062909e-02
5.264327375360600136e-02
5.260545564104141675e-02
5.256851376633783074e-02
5.253239298747344743e-02
5.249758834275765340e-02
5.246344978477637117e-02
5.243039228310895222e-02
5.239838534531500447e-02
5.236703550651077704e-02
5.233707332513044125e-02
5.230784279307892914e-02
5.227949128074121238e-02
5.225237080874135104e-02
5.222588822166440714e-02
5.220068442089585009e-02
5.217628835637605489e-02
5.215273974547640634e-02
5.213041209006043231e-02
5.210869911590605696e-02
5.208810488119938048e-02
5.206843118361635658e-02
5.204935739716354259e-02
5.203165530609369510e-02
5.201458838167737075e-02
5.199831823992234064e-02
5.198323315094813268e-02
5.196872141394726086e-02
5.195521365354622417e-02
5.194264641973824620e-02
5.193063686604183077e-02
5.191977759274484655e-02
5.190967364404505680e-02
5.190011180055936063e-02
5.189175415589146467e-02
5.188405712615275917e-02
5.187688689200178199e-02
5.187092677900177751e-02
5.186558115587246859e-02
5.186074744751663357e-02
5.185706607541175350e-02
5.185401682979370874e-02
5.185146518021335749e-02
5.184990287501334977e-02
5.184909480708754792e-02
5.184877068408189071e-02
5.184919381622345863e-02
5.185057321779816542e-02
5.185242367354322285e-02
5.185474237598407948e-02
5.185819914043312412e-02
5.186217273631207880e-02
5.186660282530556471e-02
5.187176961010413201e-02
5.187781792776140211e-02
5.188431188395229571e-02
5.189124939366638462e-02
5.189912279072814855e-02
5.190763507401045113e-02
5.191658130467145804e-02
5.192595981866658661e-02
5.193629306308551047e-02
5.194720450417302654e-02
5.195853987737360929e-02
5.197029793560702104e-02
5.198296051910916704e-02
5.199621387763126573e-02
5.200988281372122268e-02
5.202396648555628750e-02
5.203879793259182096e-02
5.205434246944432713e-02
5.207029583493592156e-02
5.208665757436661825e-02
5.210342750334455431e-02
5.212121733083691782e-02
5.213941075219414439e-02
5.215800767568225249e-02
5.217700809311514448e-02
5.219654773632495526e-02
5.221694246956910812e-02
5.223773720352655608e-02
5.225893225565630962e-02
5.228052801803675931e-02
5.230260035546299008e-02
5.232555999512305406e-02
5.234891796763094934e-02
5.237267494567039716e-02
5.239683166638738065e-02
5.242138892937409089e-02
5.244680822985192670e-02
5.247270082096609778e-02
5.249899266696275019e-02
5.252568478834710591e-02
5.255277825596386260e-02
5.258038763469678745e-02
5.260879260269665791e-02
5.263759828634748117e-02
5.266680592285162554e-02
5.269641678684627156e-02
5.272643218815583482e-02
5.275685346993620045e-02
5.278811610394452958e-02
5.281982176743810903e-02
5.285193322855472053e-02
5.288445191524122901e-02
5.291737927487267373e-02
5.295071677135682747e-02
5.297530921002701482e-02
5.300034517820944452e-02
5.302580520378829404e-02
5.305161758339353717e-02
5.307778948619032433e-02
5.310432809192552894e-02
5.313124058261393945e-02
5.315853414190888776e-02
5.318621594906470379e-02
5.321429317555244343e-02
5.324277297819566407e-02
5.327184791559474997e-02
5.330145862343783209e-02
5.333149202288285651e-02
5.336195513266207835e-02
5.339285493560969736e-02
5.342419837099832841e-02
5.345599233284907548e-02
5.348824366279407438e-02
5.352095914751978101e-02
5.355414551287780711e-02
5.358780941824278082e-02
5.362216287143205945e-02
5.365708179476010725e-02
5.369249579674863215e-02
5.372841114917453753e-02
5.376483403071448397e-02
5.380177052184163117e-02
5.383922659999441224e-02
5.387720813464381281e-02
5.391572088110346134e-02
5.395477047613712884e-02
5.399436243076422004e-02
5.403450212874234132e-02
5.407526271214307956e-02
5.411675545215079153e-02
5.415880800707519732e-02
5.420142507032947587e-02
5.424461117323954584e-02
5.428837067825977719e-02
5.433270777486268188e-02
5.437762647254926890e-02
5.442313059494372635e-02
5.446922376974863006e-02
5.451590942906041348e-02
5.456319079710954950e-02
5.461107088553564248e-02
5.465955248655514354e-02
5.470863816561878645e-02
5.475833025601854059e-02
5.480863084971677318e-02
5.485966481755074481e-02
5.491134938441387392e-02
5.496364183259366126e-02
5.501654309425923345e-02
5.507005382465148674e-02
5.512417439501411665e-02
5.517890488671504251e-02
5.523424508111212522e-02
5.529019445649584197e-02
5.534675217445688550e-02
5.540391707841127444e-02
5.546168768196189230e-02
5.552006216439329261e-02
5.557903835849829777e-02
5.563861374897789008e-02
5.569878545891707167e-02
5.575955024643745178e-02
5.582090449366401003e-02
5.588284420293057608e-02
5.594536498271281827e-02
5.600846204724739541e-02
5.607213020374020307e-02
5.613636384728868528e-02
5.620115695024039543e-02
5.626650305715104328e-02
5.633239527719580836e-02
5.639882627488886080e-02
5.646578826256579142e-02
5.653327299419957236e-02
5.660127175841586644e-02
5.666977536812504990e-02
5.673877415453029011e-02
5.680825796207732148e-02
5.687821613789687675e-02
5.694863752737109458e-02
5.701951046550681607e-02
5.709082277100372554e-02
5.716256173916893502e-02
5.723471413454107870e-02
5.730726618666327765e-02
5.738020358131588894e-02
5.745351145619943117e-02
5.752717439382271092e-02
5.760117641757044049e-02
5.767550098374487483e-02
5.775013097766706210e-02
5.782504870958738580e-02
5.790023590875488513e-02
5.797575652687289582e-02
5.805162977674098446e-02
5.812772233781846737e-02
5.820401347719233315e-02
5.828048185488905741e-02
5.835710551399609508e-02
5.843386188648697771e-02
5.851072778421661374e-02
5.858767940189958667e-02
5.866469231278885477e-02
5.874174147097041554e-02
5.881880120773571446e-02
5.889584523773910146e-02
5.897284665100307327e-02
5.904977792463583092e-02
5.912661091814333525e-02
5.920331688010772170e-02
5.928014488955313244e-02
5.935681827444896919e-02
5.943327986820316072e-02
5.950949823859032900e-02
5.958544135637345446e-02
5.966107660598581053e-02
5.973637078939135481e-02
5.981129014024062079e-02
5.988580033384341417e-02
5.995986649617646158e-02
6.003345322327790362e-02
6.010652459039285411e-02
6.017904416812974722e-02
6.025113770498423393e-02
6.032278307691494451e-02
6.039376539446953546e-02
6.046404600032580928e-02
6.053358582060416188e-02
6.060234539355648098e-02
6.067028489418378051e-02
6.073736416025114770e-02
6.080354272364554835e-02
6.086877983966881844e-02
6.093303452018797306e-02
6.099626556676400468e-02
6.105843160759671928e-02
6.111949113400760858e-02
6.117964088061935563e-02
6.123866843879288702e-02
6.129645963743577536e-02
6.135297240032531324e-02
6.140816473447523183e-02
6.146199478010724859e-02
6.151442086325975556e-02
6.156540155001476167e-02
6.161489570092224671e-02
6.166286253022004726e-02
6.170926166471635277e-02
6.175405320522545788e-02
6.179719779107376021e-02
6.183865666297934383e-02
6.187839173189242647e-02
6.191636564611511379e-02
6.195254186142989949e-02
6.198688471216954460e-02
6.201935948447061253e-02
6.204998689895940139e-02
6.207876756281324043e-02
6.210557136162637992e-02
6.213036798874623651e-02
6.215312849832874131e-02
6.217382538391564434e-02
6.219243265821968597e-02
6.220892593234937651e-02
6.222328249564738900e-02
6.223548139427199227e-02
6.224550350946007199e-02
6.225333163441536949e-02
6.225895055058416200e-02
6.226234710158023988e-02
6.226351026585394410e-02
6.226243122671165642e-02
6.225910344001076707e-02
6.225352269888351220e-02
6.224568719532569405e-02
6.223559757804950771e-02
6.222325700629963846e-02
6.220867119963532921e-02
6.219184848325428477e-02
6.217279982678096395e-02
6.215153887948415834e-02
6.212808199912389640e-02
6.210244827364855280e-02
6.207465953758822125e-02
6.204474038118346774e-02
6.201271815209237481e-02
6.197866630419682221e-02
6.194262000011057506e-02
6.190456566637387442e-02
6.186454028182959697e-02
6.182258342995856221e-02
6.177873725566907642e-02
6.173304641339060622e-02
6.168555800349839052e-02
6.163632150525050896e-02
6.158538869630046653e-02
6.153281356662360091e-02
6.147865222458388790e-02
6.142296279070108556e-02
6.136580528806372115e-02
6.130724152058434490e-02
6.124733494858264349e-02
6.118615055246520718e-02
6.112375469123200455e-02
6.106024435194580546e-02
6.099582395544412422e-02
6.093042847729106259e-02
6.086412979702606613e-02
6.079700035272114778e-02
6.072911296577643975e-02
6.066054066143686946e-02
6.059135648699652543e-02
6.052163333367912429e-02
6.045144375158393452e-02
6.038085977183549335e-02
6.030995272529192375e-02
6.023924458338400512e-02
6.016856593860339664e-02
6.009781774240432334e-02
6.002706759687932020e-02
5.995638147425230019e-02
5.988603196277010599e-02
5.981657308516612204e-02
5.974741289259181271e-02
5.967860967330090166e-02
5.961051093197610590e-02
5.954369944811278154e-02
5.947745301224054842e-02
5.941189740551992143e-02
5.934818822676971029e-02
5.928522584882382068e-02
5.922347683904504584e-02
5.916353207089464911e-02
5.910448479606381089e-02
5.904773178770180569e-02
5.899210833069351567e-02
5.893871859007174252e-02
5.888677137447409504e-02
5.883734221952750115e-02
5.878947214192548065e-02
5.874429590004914825e-02
5.870112756475756588e-02
5.866009889809308681e-02
5.862201273794472728e-02
5.858607280468051265e-02
5.855275055636051385e-02
5.852224597134715600e-02
5.849471143048978750e-02
5.847037809196253821e-02
5.844936499809749025e-02
5.843169154862798420e-02
5.841756775318629469e-02
5.840735156537123912e-02
5.840124221417430928e-02
5.839986235822989397e-02
5.840400395765509012e-02
5.841466389929920316e-02
5.843257746701695232e-02
5.845689005616364758e-02
5.848554985452877192e-02
5.851761289652963188e-02
5.855219365551917604e-02
5.858884526280110777e-02
5.862714057275804358e-02
5.866696590648618620e-02
5.870781361405349313e-02
5.874915252192643156e-02
5.879137914252358793e-02
5.883376110663729452e-02
5.887641460215010253e-02
5.891891983001307231e-02
5.896151387968198015e-02
5.900327820582155353e-02
5.904532905365625362e-02
5.908630289993905410e-02
5.912641921616093588e-02
5.916618193900734929e-02
5.920460162370021900e-02
5.924160840811740214e-02
5.927798718062186195e-02
5.931298342892411118e-02
5.934633346450533115e-02
5.937797983442257704e-02
5.940829389355090778e-02
5.943722437760570743e-02
5.946425707326243038e-02
5.948934838199808339e-02
5.951245825910467246e-02
5.953355021859412649e-02
5.955294722467210922e-02
5.957051830336319853e-02
5.958594284006017705e-02
5.959919888691155715e-02
5.961026797975677721e-02
5.961913508587753791e-02
5.962578854429848030e-02
5.963021999870286166e-02
5.963242432381499203e-02
5.963239954576063373e-02
5.963014675681133775e-02
5.962581395614117985e-02
5.961932699739554142e-02
5.961059962901894133e-02
5.959964507078943652e-02
5.958647913201140650e-02
5.957112010178670231e-02
5.955358863653896495e-02
5.953390764634941545e-02
5.951210218022125187e-02
5.948819931152450613e-02
5.946222802188939893e-02
5.943421908678882953e-02
5.940420496088012758e-02
5.937221966519674182e-02
5.933829867418800169e-02
5.930247880563549456e-02
5.926485616865187489e-02
5.922557691891319059e-02
5.918453605696461645e-02
5.914177394002934768e-02
5.909733176605689448e-02
5.905125147870324276e-02
5.900357567365250439e-02
5.895434751147160535e-02
5.890361063144793768e-02
5.885140906830868546e-02
5.879778717333089544e-02
5.874278953808948628e-02
5.868646092229780342e-02
5.862884618183979851e-02
5.857034981749426050e-02
5.851075406401803902e-02
