2.886147684934834475e-04
2.805214867164331004e-04
3.018502280987808489e-04
3.364242516641211185e-04
3.780814599899249488e-04
4.236935454788961532e-04
4.718511286047000967e-04
5.217400173513522636e-04
5.728431395027817940e-04
6.248686553863951054e-04
6.777045626735018688e-04
7.311302698847444098e-04
7.850420269712811211e-04
8.393788256642302362e-04
8.941404128901233239e-04
9.491957560869887078e-04
1.004503288987597213e-03
1.060135244721988361e-03
1.115958070822249118e-03
1.171966283708244594e-03
1.228214834289626358e-03
1.284579667005155204e-03
1.341141081128687223e-03
1.397811030433034887e-03
1.454625137689324757e-03
1.511542701548807162e-03
1.568580470373153379e-03
1.625691920192332126e-03
1.682929543226375883e-03
1.740193102026079981e-03
1.797610626481398275e-03
1.855042067956086827e-03
1.912561088757826731e-03
1.970152001567575684e-03
2.027753019785539287e-03
2.085448634387769042e-03
2.143191762938367016e-03
2.200942386324760379e-03
2.258757392493248965e-03
2.316635220459840102e-03
2.374518701342163973e-03
2.432407472003907025e-03
2.490392941132882256e-03
2.548394555112476652e-03
2.606400231522749359e-03
2.664409736168078715e-03
2.722476459468205819e-03
2.780585727508794007e-03
2.838697969697137093e-03
2.896813029358456890e-03
2.954930761341085805e-03
3.013087907585273225e-03
3.071292886776200853e-03
3.129499956634827339e-03
3.187709015703636250e-03
3.245919969090380747e-03
3.304132727662229940e-03
3.362356318033602864e-03
3.420644356257460193e-03
3.478933800611889744e-03
3.537224585626342396e-03
3.595516649367615225e-03
3.653809932905349809e-03
3.712104380280857509e-03
3.770399938244535683e-03
3.828716541060849573e-03
3.887075982800486211e-03
3.945436261248886321e-03
4.003797334612986536e-03
4.062159162753946687e-03
4.120521707117536653e-03
4.178884930446005730e-03
4.237248796907896325e-03
4.295613271825689770e-03
4.353978321685050661e-03
4.412349902308647376e-03
4.470767858827421996e-03
4.529186191512510860e-03
4.587604872063839011e-03
4.646023873013379463e-03
4.704443167477196167e-03
4.762862729213105349e-03
4.821282532688190951e-03
4.879702552887026611e-03
4.938122765276020155e-03
4.996543145769587364e-03
5.054963671057404948e-03
5.113384317978854517e-03
5.171805063849893060e-03
5.230225886555359312e-03
5.288667911972089360e-03
5.347130382785543999e-03
5.405592778614733314e-03
5.464055079104616734e-03
5.522517264261154850e-03
5.580979314288871639e-03
5.639441209514213516e-03
5.697902930771081217e-03
5.756364458901227707e-03
5.814825775018147777e-03
5.873286860404487372e-03
5.931747696693890314e-03
5.990208265383325896e-03
6.048668548496963226e-03
6.107128528033767614e-03
6.165588186150899874e-03
6.224047505223834903e-03
6.282506467707798040e-03
6.340965056332995183e-03
6.399423253761128867e-03
6.457881042952071972e-03
6.516338406921628329e-03
6.574802200363537644e-03
6.633289842039018051e-03
6.691776930291600672e-03
6.750263448567184535e-03
6.808749380583493764e-03
6.867234709889407512e-03
6.925719420411986793e-03
6.984203495862797463e-03
7.042686920444389369e-03
7.101169677984619025e-03
7.159651752725210670e-03
7.218133128634595871e-03
7.276613790134542348e-03
7.335093721522477177e-03
7.393572907121037305e-03
7.452051331353953291e-03
7.510528978786213360e-03
7.569005833923071400e-03
7.627481881447928727e-03
7.685957105856783614e-03
7.744431492149054554e-03
7.802905024928317827e-03
7.861377689054548784e-03
7.919849469438810380e-03
7.978320351000278005e-03
8.036790318748779360e-03
8.095259357699093050e-03
8.153727452954841540e-03
8.212194589578815374e-03
8.270660752807657348e-03
8.329125927835049834e-03
8.387590099896573975e-03
8.446053254358272533e-03
8.504515376404503738e-03
8.562976451571628969e-03
8.621436465257696635e-03
8.679895402853340936e-03
8.738353249877574280e-03
8.796809991840837811e-03
8.855265614336436941e-03
8.913720102947875895e-03
8.972179658949478581e-03
9.030651627126292519e-03
9.089122342325735293e-03
9.147591790274250609e-03
9.206059956342408854e-03
9.264526826416690647e-03
9.322992386172618620e-03
9.381456621216444428e-03
9.439919517431616391e-03
9.498381060583508881e-03
9.556841236466722886e-03
9.615300030904459783e-03
9.673757429850830120e-03
9.732213419136423460e-03
9.790667984773291851e-03
9.849121112752034016e-03
9.907572788935396085e-03
9.966022999473432564e-03
1.002447173028304939e-02
1.008291896757122254e-02
1.014136469741488446e-02
1.019980890591801019e-02
1.025825157926461492e-02
1.031669270361232869e-02
1.037513226525339609e-02
1.043357025034491806e-02
1.049200664523309255e-02
1.055044143618190551e-02
1.060887460942573461e-02
1.066730615144617991e-02
1.072573604864182975e-02
1.078416428721241070e-02
1.084259085371895408e-02
1.090101573463759729e-02
1.095943891647044657e-02
1.101786038563103663e-02
1.107628012867208425e-02
1.113469813223028418e-02
1.119311438273649754e-02
1.125152886693646555e-02
1.130994157148655470e-02
1.136835248300972941e-02
1.142676158797584045e-02
1.148516887347152821e-02
1.154357432607710544e-02
1.160197793245542480e-02
1.166037967947368761e-02
1.171877955390440880e-02
1.177717754272726222e-02
1.183557363258244677e-02
1.189396781056147913e-02
1.195236006341402792e-02
1.201075037816012707e-02
1.206913874190834561e-02
1.212752514148209178e-02
1.218590956385249592e-02
1.224429199620436469e-02
1.230267242549628118e-02
1.236105083890110500e-02
1.241942722349021963e-02
1.247780156635943175e-02
1.253617385482169895e-02
1.259454407595907155e-02
1.265291221694123287e-02
1.271127826515868961e-02
1.276964220776629841e-02
1.282800403220648970e-02
1.288636372548561566e-02
1.294472127536056526e-02
1.300307666895355804e-02
1.306142989360868992e-02
1.311978093696299086e-02
1.317812978634516977e-02
1.323647642931007062e-02
1.329482085309938860e-02
1.335316304552205957e-02
1.341150299407417590e-02
1.346984068620753205e-02
1.352817610974239686e-02
1.358650925197389496e-02
1.364484010098207523e-02
1.370316864404159604e-02
1.376149486921703427e-02
1.381981876397092579e-02
1.387814031606986881e-02
1.393645951358970549e-02
1.399477634392480400e-02
1.405309079513164354e-02
1.411140285515256020e-02
1.416971251181303737e-02
1.422801975310758471e-02
1.428632456662263552e-02
1.434462694069367321e-02
1.440292686324853334e-02
1.446122432224048078e-02
1.451951930564784193e-02
1.457781180176910552e-02
1.463610179848777622e-02
1.469438928400777951e-02
1.475267424648564300e-02
1.481095667417925074e-02
1.486923655507301802e-02
1.492751387770276106e-02
1.498578862995380255e-02
1.504406080056770907e-02
1.510233037755712680e-02
1.516059734941560891e-02
1.521886170435862717e-02
1.527712343085732734e-02
1.533538251741006428e-02
1.539363895231075051e-02
1.545189272418906988e-02
1.551014382146935662e-02
1.556839223275827827e-02
1.562663794653354823e-02
1.568488095137738486e-02
1.574312123589887910e-02
1.580135878889313283e-02
1.585959359894529089e-02
1.591782565474642031e-02
1.597605494485459035e-02
1.603428145841577154e-02
1.609250518388222889e-02
1.615072611005312006e-02
1.620894422607973076e-02
1.626715952041165106e-02
1.632537198233817780e-02
1.638358160068890262e-02
1.644178836423799625e-02
1.649999226194980365e-02
1.655819328323028181e-02
1.661639141677090023e-02
1.667458665161977716e-02
1.673277897701990966e-02
1.679096838199239938e-02
1.684915485592197032e-02
1.690733838771763670e-02
1.696551896665217385e-02
1.702369658202680311e-02
1.708187122308715833e-02
1.714004287910638955e-02
1.719821153955724408e-02
1.725637719351331284e-02
1.731453983058975007e-02
1.737269944017413512e-02
1.743085601168213941e-02
1.748900953464471719e-02
1.754715999853492456e-02
1.760530739276663925e-02
1.766345170695670166e-02
1.772159293083947276e-02
1.777973105391490033e-02
1.783786606571086120e-02
1.789599795613729810e-02
1.795412671504714383e-02
1.801225233178857174e-02
1.807037479618175263e-02
1.812849409834591669e-02
1.818661022798336371e-02
1.824472317482385073e-02
1.830283292880632851e-02
1.836093947989948100e-02
1.841904281810198205e-02
1.847714293335171384e-02
1.853523981552334526e-02
1.859333345488727723e-02
1.865142384146978999e-02
1.870951096532627936e-02
1.876759481672676116e-02
1.882567538560079440e-02
1.888375266246385131e-02
1.894182663702521224e-02
1.899989730014083403e-02
1.905796464185889258e-02
1.911602865244324198e-02
1.917408932247037859e-02
1.923214664188667780e-02
1.929020060161290226e-02
1.934825119184475570e-02
1.940629840299592720e-02
1.946434222579700515e-02
1.952238265062723396e-02
1.958041966818370103e-02
1.963845326900205343e-02
1.969648344374449328e-02
1.975451018310414586e-02
1.981253347761074285e-02
1.987055331830971106e-02
1.992856969579237525e-02
1.998658260077718768e-02
2.004459202430661224e-02
2.010259795716125286e-02
2.016060039015153335e-02
2.021859931421764525e-02
2.027659472042905864e-02
2.033458659968928259e-02
2.039257494323083036e-02
2.045055974192001857e-02
2.050854098675239032e-02
2.056651866905499434e-02
2.062449277988648993e-02
2.068246331053747236e-02
2.074043025212887748e-02
2.079839359591310541e-02
2.085635333327624796e-02
2.091430945543245462e-02
2.097226195383119704e-02
2.103021081985171140e-02
2.108815604480236694e-02
2.114609762022794104e-02
2.120403553749935360e-02
2.126196978853545083e-02
2.131990036435766137e-02
2.137782725694927291e-02
2.143575045780862776e-02
2.149366995846485606e-02
2.155158575068688923e-02
2.160949782638153446e-02
2.166740617696394366e-02
2.172531079450988264e-02
2.178321167081345364e-02
2.184110879748893050e-02
2.189900216660495627e-02
2.195689177015730173e-02
2.201477760017527679e-02
2.207265964829343077e-02
2.213053790703201074e-02
2.218841236787516200e-02
2.224628302330209501e-02
2.230414986550442735e-02
2.236201288638298840e-02
2.241987207830155315e-02
2.247772743333267820e-02
2.253557894412377277e-02
2.259342660248597062e-02
2.265127040113312784e-02
2.270911033226729811e-02
2.276694638823167915e-02
2.282477856162144422e-02
2.288260684484578339e-02
2.294043123045614099e-02
2.299825171092679740e-02
2.305606827887506788e-02
2.311388092695147722e-02
2.317168964772856748e-02
2.322949443392265459e-02
2.328729527817108638e-02
2.334509217359260341e-02
2.340288511244296987e-02
2.346067408790696376e-02
2.351845909275461499e-02
2.357624011967467820e-02
2.363401716206779690e-02
2.369179021257647802e-02
2.374955926398727990e-02
2.380732430991703424e-02
2.386508534299163972e-02
2.392284235643907589e-02
2.398059534329249551e-02
2.403834429707704667e-02
2.409608921077804541e-02
2.415383007741200849e-02
2.421156689072157323e-02
2.426929964367439616e-02
2.432702832973365759e-02
2.438475294228014539e-02
2.444247347496192671e-02
2.450018992099362719e-02
2.455790227385649602e-02
2.461561052729945714e-02
2.467331467440065165e-02
2.473101470944723615e-02
2.478871062570156200e-02
2.484640241669328065e-02
2.490409007669631622e-02
2.496177359895282097e-02
2.501945297732963494e-02
2.507712820572828225e-02
2.513479927784489226e-02
2.519246618800738066e-02
2.525012892973976450e-02
2.530778749707831080e-02
2.536544188421316348e-02
2.542309208500795684e-02
2.548073809347935550e-02
2.553837990391934556e-02
2.559601751041249568e-02
2.565365090707607057e-02
2.571128008830488032e-02
2.576890504803938664e-02
2.582652578098629942e-02
2.588414228115279089e-02
2.594175454306913570e-02
2.599936256105418730e-02
2.605696632945956812e-02
2.611456584291756144e-02
2.617216109597081744e-02
2.622975208294842792e-02
2.628733879883251093e-02
2.634492123777021702e-02
2.640249939468764309e-02
2.646007326417109534e-02
2.651764284109043093e-02
2.657520812022499609e-02
2.663276909600996792e-02
2.669032576379378949e-02
2.674787811820483752e-02
2.680542615415596255e-02
2.686296986659412675e-02
2.692050925049924159e-02
2.697804430088521915e-02
2.703557501305384886e-02
2.709310138157696932e-02
2.715062340220648560e-02
2.720814106957965967e-02
2.726565437938987396e-02
2.732316332646794396e-02
2.738066790619006485e-02
2.743816811409581502e-02
2.749566394537201683e-02
2.755315539549655496e-02
2.761064245959243477e-02
2.766812513359357892e-02
2.772560341255937352e-02
2.778307729236170753e-02
2.784054676825528304e-02
2.789801183631097914e-02
2.795547249158752273e-02
2.801292873035455058e-02
2.807038054773542193e-02
2.812782794019979757e-02
2.818527090293618254e-02
2.824270943208699938e-02
2.830014352330088162e-02
2.835757317278807255e-02
2.841499837613013085e-02
2.847241912947140463e-02
2.852983542899072827e-02
2.858724727050008033e-02
2.864465465024412794e-02
2.870205756410009607e-02
2.875945600878128047e-02
2.881684997969322787e-02
2.887423947375071173e-02
2.893162448682641899e-02
2.898900501536392713e-02
2.904638105570490555e-02
2.910375260408824133e-02
2.916111965732803846e-02
2.921848221159331627e-02
2.927584026335629253e-02
2.933319380912155841e-02
2.939054284542652606e-02
2.944788736911440469e-02
2.950522737637675807e-02
2.956256286425917520e-02
2.961989382956659381e-02
2.967722026899939289e-02
2.973454217887507370e-02
2.979185955609404274e-02
2.984917239828241073e-02
2.990648070143738305e-02
2.996378446297319476e-02
3.002108367978208875e-02
3.007837834864823118e-02
3.013566846694544846e-02
3.019295403110189985e-02
3.025023503897505267e-02
3.030751148733597591e-02
3.036478337354749438e-02
3.042205069444190932e-02
3.047931344772703346e-02
3.053657163029737179e-02
3.059382523992578914e-02
3.065107427342678853e-02
3.070831872849508204e-02
3.076555860271616705e-02
3.082279389313810972e-02
3.088002459769344232e-02
3.093725071363415471e-02
3.099447223852763028e-02
3.105168917011573090e-02
3.110890150574128696e-02
3.116610924349494036e-02
3.122331238106909601e-02
3.128051091589757055e-02
3.133770484587704991e-02
3.139489416893473384e-02
3.145207888288462095e-02
3.150925898542545484e-02
3.156643447472157887e-02
3.162360534867753037e-02
3.168077160508223772e-02
3.173793324233734059e-02
3.179509025814571122e-02
3.185224265082380740e-02
3.190939041842624779e-02
3.196653355903633642e-02
3.202367207106146529e-02
3.208080595264486967e-02
3.213793520195900449e-02
3.219505981720491988e-02
3.225217979705678750e-02
3.230929513992344265e-02
3.236640584379786578e-02
3.242351190714544418e-02
3.248061332890785774e-02
3.253771010701438093e-02
3.259480224076392874e-02
3.265188972784331678e-02
3.270897256746074788e-02
3.276605075795634842e-02
3.282314350741133424e-02
3.288023452328443785e-02
3.293732098506953199e-02
3.299440289096780554e-02
3.305148023980158251e-02
3.310855303012111284e-02
3.316562126035207253e-02
3.322268492954425639e-02
3.327974403587365126e-02
3.333679857859179335e-02
3.339384855592313767e-02
3.345089396701988321e-02
3.350793481030509696e-02
3.356497108498131265e-02
3.362200278982295509e-02
3.367902992362833969e-02
3.373605248521947819e-02
3.379307047359413063e-02
3.385008388792681844e-02
3.390709272695939525e-02
3.396409698991396248e-02
3.402109667573167268e-02
3.407809178368289421e-02
3.413508231260186515e-02
3.419206826195946014e-02
3.424904963078941045e-02
3.430602641814770731e-02
3.436299862373000391e-02
3.441996624632951557e-02
3.447692928522377853e-02
3.453388774017803614e-02
3.459084161005057667e-02
3.464779089434116138e-02
3.470473559288370785e-02
3.476167570475682117e-02
3.481861122937114639e-02
3.487554216647112404e-02
3.493246851519821172e-02
3.498939027549707870e-02
3.504630744655029551e-02
3.510322002818874049e-02
3.516012802010795579e-02
3.521703142186684288e-02
3.527393023304427333e-02
3.533082445355580081e-02
3.538771408270418445e-02
3.544459912076256686e-02
3.550147956739075489e-02
3.555835542210897260e-02
3.561522668509311401e-02
3.567209335606123105e-02
3.572895543491019094e-02
3.578581292155599836e-02
3.584266581609416025e-02
3.589951411815812954e-02
3.595635782788081380e-02
3.601319694541416788e-02
3.607003147060745818e-02
3.612686140364937404e-02
3.618368674442476451e-02
3.624050749364390173e-02
3.629732365057988797e-02
3.635413521597934822e-02
3.641094218979664537e-02
3.646774457232782735e-02
3.652454236388646969e-02
3.658133556464028546e-02
3.663812417477331496e-02
3.669490819464929499e-02
3.675168762481217238e-02
3.680846246516764758e-02
3.686523271662023316e-02
3.692199837910639659e-02
3.697875945323469971e-02
3.703551593946508014e-02
3.709226783810813666e-02
3.714901514998459470e-02
3.720575787526952949e-02
3.726249601464860089e-02
3.731922956832479932e-02
3.737595853751135566e-02
3.743268292243972367e-02
3.748940272368748300e-02
3.754611794151157395e-02
3.760282857751794799e-02
3.765953463165742920e-02
3.771623610489541895e-02
3.777293299770882046e-02
3.782962531108987475e-02
3.788631304570861530e-02
3.794299620241559784e-02
3.799967478156739825e-02
3.805634878471367277e-02
3.811301821206596746e-02
3.816968306469115807e-02
3.822634334366932507e-02
3.828299904958261390e-02
3.833965018353317766e-02
3.839629674595383679e-02
3.845293873864975842e-02
3.850957616173334569e-02
3.856620901686184932e-02
3.862283730467832438e-02
3.867946102617735721e-02
3.873608018253426460e-02
3.879269477476256223e-02
3.884930480354072124e-02
3.890591027058814405e-02
3.896251117677324710e-02
3.901910752314500380e-02
3.907569931075997871e-02
3.913228654102902243e-02
3.918886921450494970e-02
3.924544733313457129e-02
3.930202089748472544e-02
3.935858990899701593e-02
3.941515436929560884e-02
3.947171427896582763e-02
3.952826963964518880e-02
3.958482045210411776e-02
3.964136671851902632e-02
3.969790843932174962e-02
3.975444561635081697e-02
3.981097825057344775e-02
3.986750634348857486e-02
3.992402989677742986e-02
3.998054891106778835e-02
4.003706338822621974e-02
4.009357332941759083e-02
4.015007873598704785e-02
4.020657960999363817e-02
4.026307595172497894e-02
4.031956776378083779e-02
4.037605504663070721e-02
4.043253780234842831e-02
4.048901603229861090e-02
4.054548973766895076e-02
4.060195892018500508e-02
4.065842358121656008e-02
4.071488372231451408e-02
4.077133934485070721e-02
4.082779045073839375e-02
4.088423704117178509e-02
4.094067911770542939e-02
4.099711668189416625e-02
4.105357872854097090e-02
4.111003886232478255e-02
4.116649453723965346e-02
4.122294575448070403e-02
4.127939251451830799e-02
4.133583481871880988e-02
4.139227266717969422e-02
4.144870606143782887e-02
4.150513500193923899e-02
4.156155949003019490e-02
4.161797952596112127e-02
4.167439511142998626e-02
4.173080624649025405e-02
4.178721293264528458e-02
4.184361517047974210e-02
4.190001296111798418e-02
4.195640630476103056e-02
4.201279520343428886e-02
4.206917965713764807e-02
4.212555966696258924e-02
4.218193523436130493e-02
4.223830635893299768e-02
4.229467304284897922e-02
4.235103528661127159e-02
4.240739309070941376e-02
4.246374645654889257e-02
4.252009538478347672e-02
4.257643987642699412e-02
4.263277993192359644e-02
4.268911555263666530e-02
4.274544673954657620e-02
4.280177349287381944e-02
4.285809581394679768e-02
4.291441370370913805e-02
4.297072716271546633e-02
4.302703619188238265e-02
4.308334079230134728e-02
4.313964096467415993e-02
4.319593670968770865e-02
4.325222802839194525e-02
4.330851492163407396e-02
4.336479739005676820e-02
4.342107543466602187e-02
4.347734905588355320e-02
4.353361825506422284e-02
4.358988303278796272e-02
4.364614338980790653e-02
4.370239932686023621e-02
4.375865084485524442e-02
4.381489794449539704e-02
4.387114062627311961e-02
4.392737889162239701e-02
4.398361274061622639e-02
4.403984217446130223e-02
4.409606719357674759e-02
4.415228779874731668e-02
4.420850399073894543e-02
4.426471577029866822e-02
4.432092313795950311e-02
4.437712609462226426e-02
4.443332464058544901e-02
4.448951877690342227e-02
4.454570850402689297e-02
4.460189382277492121e-02
4.465807473335960814e-02
4.471425123675189239e-02
4.477042333351036185e-02
4.482659102397544559e-02
4.488275430924875548e-02
4.493891318923182165e-02
4.499506766478447023e-02
4.505121773674418406e-02
4.510736340493923940e-02
4.516350467055420953e-02
4.521964153356489852e-02
4.527577399471258146e-02
4.533190205451672478e-02
4.538802571327296698e-02
4.544414497105132150e-02
4.550025982928975615e-02
4.555637028760871343e-02
4.561247634619818025e-02
4.566857800622066421e-02
4.572467526721331332e-02
4.578076813008538637e-02
4.583685659471815194e-02
4.589294066156546920e-02
4.594902033105418421e-02
4.600509560338184034e-02
4.606116647871690006e-02
4.611723295740076389e-02
4.617329503934098495e-02
4.622935272502255721e-02
4.628540601449596809e-02
4.634145490818778607e-02
4.639749940568094200e-02
4.645353950734068538e-02
4.650957521329823763e-02
4.656560652344957085e-02
4.662163343786275560e-02
4.667765595677927232e-02
4.673367408020435987e-02
4.678968780790552368e-02
4.684569714002789764e-02
4.690170207627247789e-02
4.695770261651251859e-02
4.701369876100063017e-02
4.706969050933670212e-02
4.712567786108534662e-02
4.718166081660523509e-02
4.723763937560007675e-02
4.729361353732230988e-02
4.734958330202763965e-02
4.740554866952217949e-02
4.746150963895027358e-02
4.751746621025367684e-02
4.757341838375850340e-02
4.762936615766087678e-02
4.768530953263210026e-02
4.774124850805092773e-02
4.779718308283664729e-02
4.785311325734369070e-02
4.790903903062585650e-02
4.796496040211967182e-02
4.802087737143524715e-02
4.807678993793253197e-02
4.813269810072021843e-02
4.818860185929162154e-02
4.824450121288857696e-02
4.830039616113930567e-02
4.835628670341995256e-02
4.841220328540230683e-02
4.846811656680220792e-02
4.852402537403389948e-02
4.857992970455795451e-02
4.863582955621541248e-02
4.869172492701597660e-02
4.874761581427990154e-02
4.880350221592388155e-02
4.885938412960347255e-02
4.891526155271149617e-02
4.897113448302457817e-02
4.902700291805600630e-02
4.908286685483767564e-02
4.913872629187075042e-02
4.919458122543927947e-02
4.925043165329662243e-02
4.930627757271346945e-02
4.936211898156579736e-02
4.941795587637180798e-02
4.947378825469067598e-02
4.952961611403396136e-02
4.958543945076665516e-02
4.964125826251913898e-02
4.969707254621319459e-02
4.975288229916063898e-02
4.980868751774022302e-02
4.986448819938244653e-02
4.992028434124787944e-02
4.997607593933734577e-02
5.003186299137293847e-02
5.008764549369457836e-02
5.014342344303382437e-02
5.019919683629247426e-02
5.025496566987417563e-02
5.031072994057628200e-02
5.036648964514405663e-02
5.042224478004651150e-02
5.047799534147384692e-02
5.053374132578677957e-02
5.058948273019321651e-02
5.064521955004595150e-02
5.070095178267275404e-02
5.075667942376841518e-02
5.081240246965015167e-02
5.086812091658082097e-02
5.092383476076978860e-02
5.097954399814379894e-02
5.103524862502966525e-02
5.109094863724433777e-02
5.114664403077657379e-02
5.120233480201814846e-02
5.125802094616116467e-02
5.131370245948650710e-02
5.136937933776147130e-02
5.142505157692810885e-02
5.148071917218082633e-02
5.153638211981049350e-02
5.159204041512931854e-02
5.164769405339160457e-02
5.170334303118578889e-02
5.175898734272470908e-02
5.181462698448590504e-02
5.187026195126315936e-02
5.192589223872424303e-02
5.198151784177998391e-02
5.203713875645247372e-02
5.209275497753872858e-02
5.214836650000998636e-02
5.220397331925021728e-02
5.225957543035109065e-02
5.231517282834702298e-02
5.237076550821482407e-02
5.242635346487320436e-02
5.248193669318270554e-02
5.253751518818378791e-02
5.259308894485933972e-02
5.264865795742141447e-02
5.270422222097435883e-02
5.275978173032807444e-02
5.281533647975680118e-02
5.287088646419260685e-02
5.292643167779230440e-02
5.298197211513281518e-02
5.303750777097347019e-02
5.309303863953555858e-02
5.314856471498075052e-02
5.320408599213705819e-02
5.325960246505005713e-02
5.331511412770666841e-02
5.337062097403341004e-02
5.342612299887043725e-02
5.348162019602929751e-02
5.353711255926180829e-02
5.359260008299254058e-02
5.364808276085715477e-02
5.370356058716537623e-02
5.375903355469944384e-02
5.381450165838928823e-02
5.386996489188240061e-02
5.392542324827465788e-02
5.398087672183501246e-02
5.403632530578852955e-02
5.409176899379600917e-02
5.414720777946047114e-02
5.420264165657667083e-02
5.425807061788783664e-02
5.431349465757109862e-02
5.436891376800349202e-02
5.442432794349905817e-02
5.447973717706879049e-02
5.453514146116284628e-02
5.459054079018044181e-02
5.464593515620607550e-02
5.470132455252139925e-02
5.475670897285789263e-02
5.481208840937754762e-02
5.486746285570022474e-02
5.492283230437972757e-02
5.497819674816521729e-02
5.503355618000398825e-02
5.508891059278818447e-02
5.514425997910030880e-02
5.519960433172181602e-02
5.525494364363593702e-02
5.531027790649120646e-02
5.536560711367249227e-02
5.542093125748698279e-02
5.547625033070119338e-02
5.553156432525541142e-02
5.558687323380798184e-02
5.564217704844814927e-02
5.569747576224618607e-02
5.575276936666717642e-02
5.580805785415743347e-02
5.586334121711275524e-02
5.591861944787742539e-02
5.597389253769976397e-02
5.602916047934140831e-02
5.608442326499201575e-02
5.613968088600392731e-02
5.619493333525179407e-02
5.625018060398565001e-02
5.630542268419187757e-02
5.636065956754410938e-02
5.641589124645839809e-02
5.647111771277567999e-02
5.652633895696088095e-02
5.658155497208153251e-02
5.663676574903461075e-02
5.669197127973189809e-02
5.674717155603912350e-02
5.680236656924192440e-02
5.685755631111269470e-02
5.691274077230676354e-02
5.696791994530888553e-02
5.702309382121961007e-02
5.707826239136150337e-02
5.713342564728249307e-02
5.718858357994621722e-02
5.724373618135459446e-02
5.729888344211361145e-02
5.735402535359750836e-02
5.740916190741210401e-02
5.746429309403250363e-02
5.751941890580053451e-02
5.757453933256211076e-02
5.762965436575932104e-02
5.768476399707118257e-02
5.773986821759148624e-02
5.779496701727390717e-02
5.785006038823430757e-02
5.790514832117671373e-02
5.796023080704293395e-02
5.801530783618431830e-02
5.807037940057843683e-02
5.812544549022785612e-02
5.818050609593059669e-02
5.823556120928768259e-02
5.829061082075361055e-02
5.834565492102744555e-02
5.840069350161751494e-02
5.845572655203858797e-02
5.851075406401805290e-02
