5.851075406401805290e-02
5.873232446422459868e-02
5.895295258542045808e-02
5.917261637705834715e-02
5.939129190352438609e-02
5.960895331089178378e-02
5.982557280889083673e-02
6.004112064743798854e-02
6.025556509956582485e-02
6.046887245358731344e-02
6.068100700356836991e-02
6.089193104896707676e-02
6.110160490086780777e-02
6.130998689068754837e-02
6.151703338891155448e-02
6.172269883127919077e-02
6.192693574957806174e-02
6.212969481403285421e-02
6.233092488178741675e-02
6.253057305708735469e-02
6.272858475866342765e-02
6.292490379908304010e-02
6.311947247379813553e-02
6.331223166054798790e-02
6.350312093179501238e-02
6.369207867882420437e-02
6.387904224547523435e-02
6.406394807761023324e-02
6.424673188356296027e-02
6.442732880665782980e-02
6.460567361269582698e-02
6.478170088864532161e-02
6.495534525471582943e-02
6.512654158974377772e-02
6.529522526783211600e-02
6.546133240764440142e-02
6.562480013351926211e-02
6.578556684617871408e-02
6.594357250449157937e-02
6.609875891578995133e-02
6.625107003384198001e-02
6.640045226369670206e-02
6.654685477142699424e-02
6.669045245871646488e-02
6.683116734909341772e-02
6.696879298926242119e-02
6.710329320899194316e-02
6.723463614214103545e-02
6.736279452450057159e-02
6.748774598297797855e-02
6.760947331130362503e-02
6.772796473378739357e-02
6.784321414929513072e-02
6.795575255528663039e-02
6.806519849148154333e-02
6.817144870369749865e-02
6.827452190528876530e-02
6.837444330437485174e-02
6.847124468797255448e-02
6.856544825946692123e-02
6.865699992354697134e-02
6.874559617761516472e-02
6.883129492647105385e-02
6.891421899466233791e-02
6.899533874862279204e-02
6.907380102660622134e-02
6.914968758691929229e-02
6.922372026749840090e-02
6.929588630732723409e-02
6.936577950282003802e-02
6.943358964247674237e-02
6.949814936206363813e-02
6.956119453665526864e-02
6.962332604975539352e-02
6.968431791509974160e-02
6.974464295056517771e-02
6.980473135953647879e-02
6.986449044219704418e-02
6.992427572829293392e-02
6.998450391193536402e-02
7.004554223370736132e-02
7.010780370028678321e-02
7.017157997233872124e-02
7.023703616118341653e-02
7.030464707006650604e-02
7.037470146043393882e-02
7.044716733933548136e-02
7.052222024339248330e-02
7.059943248274402894e-02
7.067886187874949933e-02
7.076046894325527248e-02
7.084394352529665984e-02
7.092909659566429270e-02
7.101585854319275581e-02
7.110407304700702702e-02
7.119348927639050639e-02
7.128371236846267611e-02
7.137498455833074518e-02
7.146713226222765891e-02
7.155937809633687585e-02
7.165279674146975142e-02
7.174598894899385237e-02
7.183997920852730479e-02
7.193342093524270064e-02
7.202762341521003198e-02
7.212120916112210733e-02
7.221441667308156620e-02
7.230780415587835519e-02
7.240043593255697518e-02
7.249229879953843214e-02
7.258418239591463150e-02
7.267526555458737880e-02
7.276545934961196893e-02
7.285475284055896450e-02
7.294313652973455353e-02
7.303092531579603863e-02
7.311782713989964377e-02
7.320371001250351728e-02
7.328857085111374625e-02
7.337240884110932115e-02
7.345522555366872097e-02
7.353702505174229687e-02
7.361781398398456466e-02
7.369760166245742372e-02
7.377640012842416606e-02
7.385448515218134835e-02
7.393193123544927747e-02
7.400853648340745272e-02
7.408432396949714283e-02
7.415931940403404365e-02
7.423416153042228238e-02
7.430872127222462598e-02
7.438267450683666571e-02
7.445679484415483607e-02
7.453098584637030122e-02
7.460493858849703841e-02
7.467988158096255935e-02
7.475496018179023094e-02
7.483115922861872937e-02
7.490845074737803588e-02
7.498674380094241809e-02
7.506669498540256835e-02
7.514869946651621391e-02
7.523278448464701396e-02
7.531909400073809324e-02
7.540815337750429725e-02
7.550048734370093384e-02
7.559643544973432272e-02
7.569710676075118438e-02
7.580298589587858293e-02
7.591482750825169490e-02
7.603247121230950756e-02
7.615548767746363468e-02
7.628310750104232152e-02
7.641471737932098440e-02
7.654943795866343825e-02
7.668698969812043353e-02
7.682692180830084927e-02
7.696865755910682616e-02
7.711257488055626996e-02
7.725777161061689324e-02
7.740400955224119306e-02
7.755154737353792127e-02
7.769956493733740088e-02
7.784850206229314284e-02
7.799772878998721681e-02
7.814686740861678804e-02
7.829671516842741374e-02
7.844585394612171858e-02
7.859449978561973416e-02
7.874341664095876880e-02
7.889126569914334253e-02
7.903794020059047576e-02
7.918414728341913178e-02
7.932954847038664603e-02
7.947344693291422124e-02
7.961574904751918258e-02
7.975637385653988609e-02
7.989643703327235780e-02
8.003461474383526120e-02
8.017082754091174601e-02
8.030499953824385417e-02
8.043705826760598476e-02
8.056717010624844799e-02
8.069578868884461076e-02
8.082206384179423109e-02
8.094593486369225377e-02
8.106734353418375283e-02
8.129239539408300574e-02
8.140670472082034426e-02
8.151849832857478717e-02
8.162772975450628687e-02
8.173435343635170047e-02
8.183845434335636215e-02
8.194031920683667036e-02
8.203941418523667817e-02
8.213569429277738088e-02
8.222911402369340039e-02
8.231962708948187268e-02
8.240718618239559201e-02
8.249174274968155973e-02
8.257324680546221374e-02
8.265164675088966517e-02
8.272688922859161575e-02
8.279891901011095234e-02
8.286767891336069281e-02
8.293310975573520150e-02
8.299515034776391853e-02
8.305373753144068560e-02
8.310880624450044107e-02
8.316028966181453208e-02
8.320811935190447484e-02
8.325222550239644304e-02
8.329253719505920472e-02
8.332898272847882870e-02
8.336148999145041871e-02
8.338998690767482347e-02
8.341440191073482002e-02
8.343466449929588802e-02
8.345070582370865686e-02
8.346245934057436311e-02
8.346986151916563346e-02
8.347285258008456388e-02
8.347137730055118054e-02
8.346538585146059952e-02
8.345483466588371479e-02
8.343968735061944864e-02
8.341991561517698994e-02
8.339550022090497228e-02
8.336678627762141025e-02
8.333396191596802172e-02
8.329656761550216504e-02
8.325463160019647146e-02
8.320819575455602746e-02
8.315731645082506673e-02
8.310206531991810863e-02
8.288075053449329987e-02
8.281518579904731392e-02
8.274572580337180572e-02
8.267252959784981980e-02
8.259636414731622023e-02
8.251814285551901940e-02
8.243685252282978437e-02
8.235272203802772306e-02
8.226787105552110790e-02
8.218106415664980235e-02
8.209262783057519330e-02
8.200459143398787509e-02
8.191524009606412915e-02
8.182730764931639422e-02
8.173942269390063742e-02
8.165355760307935196e-02
8.156986612527573899e-02
8.148877663625934964e-02
8.141147714069948971e-02
8.133899242339714952e-02
8.129975632671510022e-02
8.133963631632812330e-02
8.139239755314468805e-02
8.145542308010561561e-02
8.152830724931149631e-02
8.160932155157168966e-02
8.169822063771856047e-02
8.179461107070962189e-02
8.189745472948105343e-02
8.200626225443979900e-02
8.212074209745913456e-02
8.224074420996442536e-02
8.236541458643906188e-02
8.249410131411083480e-02
8.262627349490901663e-02
8.276276655108152913e-02
8.290136983603692278e-02
8.304283481394367228e-02
8.318635344311772761e-02
8.333131036982618922e-02
8.347808079222844568e-02
8.362531201478186349e-02
8.377337057761616301e-02
8.392164108021714364e-02
8.406880556857823650e-02
8.421689477258831324e-02
8.436313589134566970e-02
8.450619122776870107e-02
8.464871216406005816e-02
8.478888430240709428e-02
8.492656637352280491e-02
8.506349406332393281e-02
8.519764881562440217e-02
8.532886672369431602e-02
8.545705146746414294e-02
8.558321163250856567e-02
8.570656204490166574e-02
8.582657765014689577e-02
8.594320721683029740e-02
8.605640943454583025e-02
8.616615235660959882e-02
8.627340978260335247e-02
8.637718386936062143e-02
8.647738474584283630e-02
8.657401284431148758e-02
8.666707438931189889e-02
8.675658065505471861e-02
8.684254723369756734e-02
8.692499334991338200e-02
8.700394123108520783e-02
8.707941555020146107e-02
8.715149465533687800e-02
8.722048202576423992e-02
8.728602534920837375e-02
8.734815617909771901e-02
8.740690703100004177e-02
8.746231136859548838e-02
8.751440367108243024e-02
8.756321955582427319e-02
8.760879593539640242e-02
8.765117120543443330e-02
8.769038542000112679e-02
8.772648046241417197e-02
8.775950016991695968e-02
8.778949042986174123e-02
8.781649921055496855e-02
8.784057654097546242e-02
8.786177443428015710e-02
8.788051325790206814e-02
8.789655072354705945e-02
8.790991571232752155e-02
8.792066583154126147e-02
8.792885980459964890e-02
8.793455730700848461e-02
8.793781883515880415e-02
8.793844698891291334e-02
8.793359738588406305e-02
8.792631155596963843e-02
8.791665375689539097e-02
8.790469015032061073e-02
8.789048910914500079e-02
8.787486465197869023e-02
8.785738273214802052e-02
8.783792279872872089e-02
8.781656516602058538e-02
8.779339400962180018e-02
8.776849760640879905e-02
8.774196849582280300e-02
8.771390357887198785e-02
8.768547550457096718e-02
8.765590406126823331e-02
8.762514620071502891e-02
8.759331441758583248e-02
8.756052462317499840e-02
8.752689572715621757e-02
8.749315532457099809e-02
8.745964683846442489e-02
8.742569399172675504e-02
8.739142047246552247e-02
8.735694995708122301e-02
8.732240547523988095e-02
8.728931509544701761e-02
8.725653533157093356e-02
8.722405312519217191e-02
8.719198021852488101e-02
8.716042473036281213e-02
8.713068316962617466e-02
8.710205320616694336e-02
8.707423812661738149e-02
8.704732472024076517e-02
8.702139450220514050e-02
8.699743553183997280e-02
8.697524220500951753e-02
8.695422752112097475e-02
8.693444806682824877e-02
8.691595513353576885e-02
8.689950498230979148e-02
8.688514880320094558e-02
8.687217044271990096e-02
8.686059890822771246e-02
8.685045917824471551e-02
8.684177254935337986e-02
8.683576444122892424e-02
8.683121852265557328e-02
8.682812021830259297e-02
8.682647705732172982e-02
8.682629491043253323e-02
8.682757838229603065e-02
8.683033121648298103e-02
8.668588189405394828e-02
8.669432828992634787e-02
8.670449488190873355e-02
8.671591238316038452e-02
8.672857684806203893e-02
8.674248607464862815e-02
8.675763990886284360e-02
8.677404052068114770e-02
8.679169266527271553e-02
8.681060392112101287e-02
8.683078490769598201e-02
8.685224948530381739e-02
8.687501492096345868e-02
8.689910204766376767e-02
8.692453538603261975e-02
8.695134325111585072e-02
8.697955782822665294e-02
8.700921522672062924e-02
8.704035550825400813e-02
8.707302267837108145e-02
8.710736668364148227e-02
8.714408482570216996e-02
8.718256568762605685e-02
8.722286718937938277e-02
8.726505054762795366e-02
8.730918007031247818e-02
8.735532292433760559e-02
8.740365577376001116e-02
8.745539989254760838e-02
8.750944083578644783e-02
8.756585160563606918e-02
8.762470609461479876e-02
8.768607858093567520e-02
8.775137460956053403e-02
8.781971381367220664e-02
8.789084146191861180e-02
8.796482438057337538e-02
8.804219940175317394e-02
8.812395218738243441e-02
8.840650595536662937e-02
8.849994061217127117e-02
8.859665359998765422e-02
8.869666236426598793e-02
8.879997528816917229e-02
8.890796415766179239e-02
8.901979099851485555e-02
8.913489386773200407e-02
8.925323288535914890e-02
8.937506007748194370e-02
8.950161125839493914e-02
8.963119337205704973e-02
8.976370670231405280e-02
8.989903602632108581e-02
9.003787303592734881e-02
9.018026394365431797e-02
9.032501132829061363e-02
9.047193298375359738e-02
9.062083068580309431e-02
9.077184106127492158e-02
9.092573611937644629e-02
9.108089345795972180e-02
9.123705407732848882e-02
9.139394630275905762e-02
9.155128693023836806e-02
9.170926838312866425e-02
9.186811954887014187e-02
9.202648360058854338e-02
9.218404599251794895e-02
9.234048901678430787e-02
9.249549384167117527e-02
9.264874264918773750e-02
9.280034035007583837e-02
9.295041020743738391e-02
9.309777129506410787e-02
9.324213306456315131e-02
9.338321732477607162e-02
9.352076041367834991e-02
9.365451527780051244e-02
9.378425344460943058e-02
9.390981809182592788e-02
9.403198268465819132e-02
9.414955322044278596e-02
9.426239256376792164e-02
9.437038928593376175e-02
9.447345844311079432e-02
9.457154208426003794e-02
9.466460949810871772e-02
9.475265719346308291e-02
9.483570859901441219e-02
9.491381348812766294e-02
9.498772473188249466e-02
9.505703166215673239e-02
9.512166909688657412e-02
9.518178026364644551e-02
9.523752783990310777e-02
9.528909191997639305e-02
9.533666780524405193e-02
9.537939726999054846e-02
9.541809861761944844e-02
9.545380168645778429e-02
9.548670480533133498e-02
9.551700851915032042e-02
9.554491347335135332e-02
9.557061836187732973e-02
9.559431796684780824e-02
9.561622857465121306e-02
9.563687611953437806e-02
9.565602919078616817e-02
9.567384997268837954e-02
9.569048956982270648e-02
9.570608720961543137e-02
9.572076969750033248e-02
9.573465112122193921e-02
9.574783279849399809e-02
9.576040344722090703e-02
9.577243955301993628e-02
9.578400589584244729e-02
9.579515619498125967e-02
9.580593382723046059e-02
9.581637256976856254e-02
9.582649732635781237e-02
9.583632479651044145e-02
9.584586405995837444e-02
9.585511705535613991e-02
9.586407894529432039e-02
9.587273837004708921e-02
9.588107760221592502e-02
9.588907262147895738e-02
9.589669313523459249e-02
9.590390257215096470e-02
9.591065807836453294e-02
9.591691054421257190e-02
9.592260468860007439e-02
9.592800475889805278e-02
9.593279720770341024e-02
9.593672519995180559e-02
9.593926856425932792e-02
9.594072266874090205e-02
9.594097519281469255e-02
9.593991011902179566e-02
9.593740884642942834e-02
9.593335137238703791e-02
9.592761750950866417e-02
9.592008811166799487e-02
9.591064627654181940e-02
9.589917850915660735e-02
9.588557581985522604e-02
9.586973475689881952e-02
9.585155834376903050e-02
9.583133833887283459e-02
9.580902721399049693e-02
9.578414725461167900e-02
9.575663376110576941e-02
9.572643191621171832e-02
9.569349720451772456e-02
9.565779573555771575e-02
9.561930449266699272e-02
9.557801150508966892e-02
9.553391594196311565e-02
9.548702813499038156e-02
9.543743069146384816e-02
9.538589795470715782e-02
9.533166930352802992e-02
9.527479789356700646e-02
9.521534727111198582e-02
9.515339103720564518e-02
9.508901247278508939e-02
9.502230411722038805e-02
9.495336730985035056e-02
9.488231169435816514e-02
9.480925469436569941e-02
9.473456667057356118e-02
9.465872686423071336e-02
9.458127211968478387e-02
9.450234487447764509e-02
9.442209244336537133e-02
9.434066640275112769e-02
9.425822197817004811e-02
9.417491742341997651e-02
9.409091343093890780e-02
9.400637253478610900e-02
9.392145854574823760e-02
9.383633598582466484e-02
9.375178341563510098e-02
9.366749024622632314e-02
9.358346942564750581e-02
9.349988281307208826e-02
9.341689057341995284e-02
9.333465079388621188e-02
9.325331912447228089e-02
9.317304845002177816e-02
9.309398860433180933e-02
9.301628610457279844e-02
9.294008393127999035e-02
9.286552133405150122e-02
9.279273366427059910e-02
9.272242670995488323e-02
9.265415843272901963e-02
9.258802736929423738e-02
9.215981358956829017e-02
9.209634590286502887e-02
9.203542342557088918e-02
9.197714472818820097e-02
9.192160430108226032e-02
9.186889264183961679e-02
9.181909632460559523e-02
9.177229811076594024e-02
9.172857703536962948e-02
9.168800851013481079e-02
9.165066442789664147e-02
9.161661326481203294e-02
9.158615144286519349e-02
9.155913003724421018e-02
9.153555882004957289e-02
9.151549307821563173e-02
9.149898509879676733e-02
9.148608422285946229e-02
9.147683685926283337e-02
9.147128648465892298e-02
9.146947365063314017e-02
9.147143591904224880e-02
9.147720781805164514e-02
9.148682074763397898e-02
9.150030287827881637e-02
9.151767900010075729e-02
9.153897035908548085e-02
9.156419447405454715e-02
9.159336489495438494e-02
9.162649096558447837e-02
9.166357753237358574e-02
9.170462464488077226e-02
9.174991948321210844e-02
9.179918992414236312e-02
9.185241375143758658e-02
9.190956745145002771e-02
9.197062074146204746e-02
9.203553612501723380e-02
9.210426844676589120e-02
9.217676441028542500e-02
9.225296212215078340e-02
9.233279061335006310e-02
9.241616937538331411e-02
9.250300791424878599e-02
9.259320531437198465e-02
9.268664983475592700e-02
9.278321854072590913e-02
9.288277697235063080e-02
9.298517887989672659e-02
9.309033173391915994e-02
9.319855893767436950e-02
9.330912951991406079e-02
9.342184814274649696e-02
9.353650745947851564e-02
9.365288837361811225e-02
9.416589327321554792e-02
9.428054045369631264e-02
9.439576936570470700e-02
9.451130985982635069e-02
9.462688463514891402e-02
9.474249615052433848e-02
9.485802517592595295e-02
9.497273872613833101e-02
9.508634399743869092e-02
9.519854805946366405e-02
9.530905958228963470e-02
9.541759064937530010e-02
9.552385865059451198e-02
9.562758821395242470e-02
9.572851319176634011e-02
9.582637864045313869e-02
9.592129043545019607e-02
9.601322560094353864e-02
9.610143990435697503e-02
9.618574237817047179e-02
9.626596230473183358e-02
9.634195066671426277e-02
9.641358139586733711e-02
9.648075240341741354e-02
9.654338634353866466e-02
9.660184954340256258e-02
9.665632029568176076e-02
9.670618662152916101e-02
9.675147069933136279e-02
9.679221853388372820e-02
9.682849880388416652e-02
9.686040139021953599e-02
9.688803561015890686e-02
9.691185541610833343e-02
9.693246167477001518e-02
9.694922529369667807e-02
9.696230956336659990e-02
9.697188533741421534e-02
9.697812841383875171e-02
9.698121697410456987e-02
9.698132914373100433e-02
9.697878134710534448e-02
9.697456811175146629e-02
9.696788536984876639e-02
9.695889075316968531e-02
9.694773377584249563e-02
9.693455534701904408e-02
9.691948773106860704e-02
9.690265497070368883e-02
9.688417373781675612e-02
9.686515841995302356e-02
9.684474754801354612e-02
9.682299946179326322e-02
9.680001632390193567e-02
9.677590149367028272e-02
9.675076148582197055e-02
9.672470777831544686e-02
9.669785835649352679e-02
9.667057940471465716e-02
9.664347697139850923e-02
9.661596553690500466e-02
9.658819544280589087e-02
9.656032545994532035e-02
9.653252206766550769e-02
9.650495834910258197e-02
9.647781248352998995e-02
9.645126575855127171e-02
9.642550011856199088e-02
9.640069529736423892e-02
9.637741804126655210e-02
9.635571030687997696e-02
9.633541887124325021e-02
9.631668226107620301e-02
9.629962307058613502e-02
9.628434672655235282e-02
9.627094092595790686e-02
9.625947575279693302e-02
9.625000432446366438e-02
9.624256382883819572e-02
9.623717683843976967e-02
9.623385274539447698e-02
9.623258923329786052e-02
9.623337370579604366e-02
9.623618461085950426e-02
9.624099265413603443e-02
9.624776186895783736e-02
9.625645056040951775e-02
9.626701211848173734e-02
9.627939573057980871e-02
9.629354698236940180e-02
9.630940839492711791e-02
9.632691986817749907e-02
9.634601908798914871e-02
9.636664187031342144e-02
9.638872246547088019e-02
9.641219383544345767e-02
9.643698789066108834e-02
9.646303571303049829e-02
9.649026774673495621e-02
9.651861398662917035e-02
9.654800412909424201e-02
9.657836773163830379e-02
9.660963434692280971e-02
9.664173365291929552e-02
9.667459557242176482e-02
9.670850002728750838e-02
9.674327054258149983e-02
9.677861599288287153e-02
9.681446749264334406e-02
9.685075690505351442e-02
9.688741692843272357e-02
9.692438117470651704e-02
9.696158424796831599e-02
9.699896181933720385e-02
9.703645068680304131e-02
9.707398884901041747e-02
9.711151556560745912e-02
9.714897141219601406e-02
9.718647426258621158e-02
9.722440100756332693e-02
9.726209675418447109e-02
9.729950714023484493e-02
9.733657937516773662e-02
9.737326228075558754e-02
9.740950633047254503e-02
9.744526367868258654e-02
9.748048819480843730e-02
9.751513549808965564e-02
9.754916297567602090e-02
9.758283580795799883e-02
9.761635439810650849e-02
9.764913857246883266e-02
9.768115244689334897e-02
9.771236203289884736e-02
9.774273525471925683e-02
9.777224196707261228e-02
9.780085397122180446e-02
9.782854503001343904e-02
9.785529088166471101e-02
9.788106925442494055e-02
9.790660661666437947e-02
9.793123510219170491e-02
9.795483789343079062e-02
9.797740034647949015e-02
9.799890988479331710e-02
9.801935600883762700e-02
9.803873030852969239e-02
9.805702647401802474e-02
9.807424030577532870e-02
9.809036972392080889e-02
9.810541477703786650e-02
9.811990993701472097e-02
9.813357436035390069e-02
9.814615965838362210e-02
9.815767412613615739e-02
9.816812822267070859e-02
9.817753456854788618e-02
9.818590794353000695e-02
9.819326527873170618e-02
9.819962564828235707e-02
9.820501025517119897e-02
9.820944241469246883e-02
9.821294753274978362e-02
9.821600318158381360e-02
9.821840478229473814e-02
9.821995697149896176e-02
9.822069299601254855e-02
9.822064801630442377e-02
9.821985904992056038e-02
9.821836490908704420e-02
9.821620612914741533e-02
9.821342489003845322e-02
9.821006492895231754e-02
9.820617144421586731e-02
9.820179099052400717e-02
9.819697136335715781e-02
9.819176147610331196e-02
9.818621122264220569e-02
9.818085650293258138e-02
9.817526408111794389e-02
9.816947224715348586e-02
9.816353313266222569e-02
9.815749901361388308e-02
9.815142211610630718e-02
9.814535439865096356e-02
9.797687747063305030e-02
9.796844250330906390e-02
9.796037671071258779e-02
9.795273309663814210e-02
9.794556313036745232e-02
9.793891647285481172e-02
9.793284069336635755e-02
9.792738098068254349e-02
9.792257983571758806e-02
9.791847677507617420e-02
9.791510801770191008e-02
9.791250616743064905e-02
9.791086862049745709e-02
9.791008804335747662e-02
9.791013362378317431e-02
9.791102019298031367e-02
9.791275741381962050e-02
9.791534949591544634e-02
9.791879492533454854e-02
9.792308621591844231e-02
9.792820967465394599e-02
9.793414520511052601e-02
9.794086613892294402e-02
9.794833910220759887e-02
9.795652393101696165e-02
9.796537362969059970e-02
9.797483438452861404e-02
9.798484563728691865e-02
9.799534022402507649e-02
9.800624457856438321e-02
9.801747901522502027e-02
9.802895808492567697e-02
9.804059101133701104e-02
9.805228220744045819e-02
9.806393186854103772e-02
9.807543664835323416e-02
9.808669039451271832e-02
9.809758495627295127e-02
9.810801103600241824e-02
9.811785907813561081e-02
9.819530671630966046e-02
9.819623451761512467e-02
9.819608204353959258e-02
9.819475860828742741e-02
9.819217773470637067e-02
9.818825761928030860e-02
9.818292143518991821e-02
9.817609745356042916e-02
9.816771896362024019e-02
9.815772398124927856e-02
9.814605474019172382e-02
9.813265697818934763e-02
9.811747902777347152e-02
9.810098383931213639e-02
9.808275454779069591e-02
9.806261706479175999e-02
9.804051891118181761e-02
9.801640430802145698e-02
9.799021306975379264e-02
9.796187969077450874e-02
9.793133269228265769e-02
9.789849430241304162e-02
9.786328052470208427e-02
9.782560164065939867e-02
9.778608879236166951e-02
9.774415531811052327e-02
9.769949912017096560e-02
9.765202300369779653e-02
9.760163325260812206e-02
9.754824259826302968e-02
9.749177337841272162e-02
9.743216079969681254e-02
9.737029237719928287e-02
9.730551930591978260e-02
9.723755122048143018e-02
9.716640331086690008e-02
9.709211666507407135e-02
9.701475977505472081e-02
9.693458969747606457e-02
9.685284645446684548e-02
9.676843103842158733e-02
9.668152536350400894e-02
9.659233991568080824e-02
9.650111167319259942e-02
9.640850904609041261e-02
9.631547899720231676e-02
9.622122206723147941e-02
9.612602254363077081e-02
9.603015885361601556e-02
9.593389649858656554e-02
9.583809625852653113e-02
9.574314530714587990e-02
9.564844135029067218e-02
9.555415949828885425e-02
9.546045256908271270e-02
9.536745334672647179e-02
9.527527738416788350e-02
9.518503122324291355e-02
9.509597748614642687e-02
9.500798678774959038e-02
9.492113315875247426e-02
9.483548550265359645e-02
9.475110879665425700e-02
9.466806491680691826e-02
9.458641315291618779e-02
9.450707437138107514e-02
9.442930328876321389e-02
9.435305623312577328e-02
9.427838381759934272e-02
9.420533447751522349e-02
9.413395437421837042e-02
9.406428733163434142e-02
9.399637475920601115e-02
9.393025559616026421e-02
9.386596625223124490e-02
9.380354058974477161e-02
9.374355921166135919e-02
9.368552334728143249e-02
9.362940442100387006e-02
9.357522600053534700e-02
9.352300910529962041e-02
9.347277220162558686e-02
9.342453123147509420e-02
9.337829965171347280e-02
9.333408846577627427e-02
9.329190626207232995e-02
9.325175926661789794e-02
9.321365138720466570e-02
9.317758428515397762e-02
9.314355742157096052e-02
9.311156813286443346e-02
9.308161170253149985e-02
9.305368143058675989e-02
9.302776871370757594e-02
9.300386313034007812e-02
9.298195250737895101e-02
9.296202302673245432e-02
9.294405929297168412e-02
9.292804442179429525e-02
9.291396013473494919e-02
9.290178682197300364e-02
9.289150365662721121e-02
9.288308864483627025e-02
9.287651873016092297e-02
9.287176984831814475e-02
9.286881701859439620e-02
9.286763440602523179e-02
9.286819538508646332e-02
9.287047261216455074e-02
9.287443807612974500e-02
9.288006315770371002e-02
9.288731868155973570e-02
9.289617495685857651e-02
9.290660182371446307e-02
9.291856869107918693e-02
9.293204457191124590e-02
9.294737777773710852e-02
9.296435364886798669e-02
9.298276625209242474e-02
9.300258296195040852e-02
9.302377086517087112e-02
9.304629676665109039e-02
9.307012721063662175e-02
9.309522846673026764e-02
9.312156654147636659e-02
9.314910718800645251e-02
9.317781587843679270e-02
9.320765781904533087e-02
9.323906512855446860e-02
9.327190884499188261e-02
9.330579894284408982e-02
9.334069913685272279e-02
9.337657281025457667e-02
9.341338302048934894e-02
9.345109246649191403e-02
9.348966349081641591e-02
9.352905806611824802e-02
9.356982674892014296e-02
9.361176607402105221e-02
9.365442875502431874e-02
9.369777479242803742e-02
9.374176374916080856e-02
9.378635477070842996e-02
9.383150655192963596e-02
9.387717736596709606e-02
9.392443478334720763e-02
9.397215986693566170e-02
9.402028914708268625e-02
9.406877871998090002e-02
9.411758427584213105e-02
9.416666111218061075e-02
9.421634874218885736e-02
9.426705758305439775e-02
9.431791138238029837e-02
9.436886354655052433e-02
9.441986723024241301e-02
9.447087536369291882e-02
9.452199774130255749e-02
9.457415940324000181e-02
9.462618971997646677e-02
