3.950131890434397386e-01
3.950125262026003004e-01
3.950115846772969119e-01
3.950103644455313923e-01
3.950089236333990672e-01
3.950072064610383182e-01
3.950052098850113658e-01
3.950029339523277172e-01
3.950003787277626133e-01
3.949975442938319925e-01
3.949944307507531338e-01
3.949910382164112943e-01
3.949873668263028659e-01
3.949834167335007362e-01
3.949791881085884526e-01
3.949746811395937751e-01
3.949698960319383834e-01
3.949648330083576631e-01
3.949594923088271536e-01
3.949538741904842221e-01
3.949479789275372466e-01
3.949418068111853475e-01
3.949353581495276266e-01
3.949286332674509237e-01
3.949216325065461608e-01
3.949143562249921025e-01
3.949068047974430562e-01
3.948989786149275094e-01
3.948908780847366073e-01
3.948825036302755498e-01
3.948738556909793807e-01
3.948649347221576678e-01
3.948557411948830920e-01
3.948462755958599413e-01
3.948365384272818912e-01
3.948265302066943372e-01
3.948162514668783762e-01
3.948057027556844956e-01
3.947948846358889652e-01
3.947837976851235608e-01
3.947724424955995626e-01
3.947608196740919895e-01
3.947489298417301562e-01
3.947367736338246447e-01
3.947243516998360513e-01
3.947116647030651237e-01
3.946987133206417697e-01
3.946854982433047332e-01
3.946720201753263213e-01
3.946582798343197807e-01
3.946442779510227483e-01
3.946300152693347774e-01
3.946154925460197416e-01
3.946007105506842416e-01
3.945856700654786220e-01
3.945703718852345832e-01
3.945548168170293080e-01
3.945390056802890455e-01
3.945229393065958212e-01
3.945066185394629499e-01
3.944900442344603797e-01
3.944732172588569785e-01
3.944561384916496771e-01
3.944388088234839218e-01
3.944212291565081241e-01
3.944034004042580865e-01
3.943853234916664952e-01
3.943669993548878927e-01
3.943484289413817234e-01
3.943296132096503759e-01
3.943105531293614185e-01
3.942912496812347456e-01
3.942717038570474064e-01
3.942519166595534474e-01
3.942318891024845229e-01
3.942116222105473411e-01
3.941911170195450675e-01
3.941703745761155342e-01
3.941493959381527357e-01
3.941281821744215819e-01
3.941067343649346522e-01
3.940850536008243532e-01
3.940631409845838928e-01
3.940409976299811268e-01
3.940186246622408572e-01
3.939960232182307398e-01
3.939731944463938373e-01
3.939501395072224077e-01
3.939268595730367473e-01
3.939033558283052128e-01
3.938796294700604439e-01
3.938556817077322192e-01
3.938315137637168339e-01
3.938071268732649677e-01
3.937825222850558360e-01
3.937577012613471816e-01
3.937326650780776927e-01
3.937074150254853411e-01
3.936819524083234323e-01
3.936562785460518965e-01
3.936303947734415831e-01
3.936043024408036328e-01
3.935780029144069214e-01
3.935514975768840684e-01
3.935247878277264300e-01
3.934978750836861661e-01
3.934707607792693462e-01
3.934434463672908944e-01
3.934159333192386310e-01
3.933882231259474005e-01
3.933603172980796869e-01
3.933322173667508359e-01
3.933039248839087509e-01
3.932754414232999540e-01
3.932467685807967683e-01
3.932179079751762507e-01
3.931888612487390300e-01
3.931596300679895406e-01
3.931302161242344884e-01
3.931006211345725587e-01
3.930708468422405844e-01
3.930408950175771077e-01
3.930107674589269351e-01
3.929804659929514443e-01
3.929499924757907658e-01
3.929193487937442941e-01
3.928885368641617526e-01
3.928575586359790983e-01
3.928264160909883951e-01
3.927951112438560766e-01
3.927636461441957327e-01
3.927320228762784526e-01
3.927002435602676700e-01
3.926683103534659436e-01
3.926362254504873750e-01
3.926039910844958958e-01
3.925716095279646600e-01
3.925390830935289732e-01
3.925064141350100844e-01
3.924736050476309024e-01
3.924406582696381984e-01
3.924075762823793223e-01
3.923743616116734390e-01
3.923410168283096300e-01
3.923075445486913782e-01
3.922739474358133416e-01
3.922402281997389162e-01
3.922063895985304915e-01
3.921724344388514139e-01
3.921383655761778719e-01
3.921041859161692456e-01
3.920698984146320232e-01
3.920355060779147083e-01
3.920010119641714197e-01
3.919664191828252098e-01
3.919317308956845047e-01
3.918969503170319224e-01
3.918620807134146067e-01
3.918271254047967500e-01
3.917920877641691280e-01
3.917569712175967278e-01
3.917217792443822288e-01
3.916865153772294827e-01
3.916511832015905914e-01
3.916157863561843810e-01
3.915803285320685334e-01
3.915448134731361884e-01
3.915092449745912750e-01
3.914736351925471869e-01
3.914380830497085628e-01
3.914024912867062334e-01
3.913668639239168412e-01
3.913312050297433342e-01
3.912955187193494222e-01
3.912598091538426193e-01
3.912240805392456222e-01
3.911883371246278052e-01
3.911525832011215065e-01
3.911168231002232765e-01
3.910810611924864788e-01
3.910453018853153884e-01
3.910095496218122246e-01
3.909738088780725374e-01
3.909380841617053903e-01
3.909023800093496259e-01
3.908667009849834395e-01
3.908310516767679044e-01
3.907954366950433522e-01
3.907598606700363741e-01
3.907243282483757740e-01
3.906888440912498761e-01
3.906534128709739928e-01
3.906180392681611879e-01
3.905827279687519304e-01
3.905474836609023059e-01
3.905123110315738000e-01
3.904772147635507951e-01
3.904421995317262639e-01
3.904072700000343343e-01
3.903724308174602586e-01
3.903376866151173075e-01
3.903030420020065505e-01
3.902685015617265996e-01
3.902340698486406190e-01
3.901997513840994580e-01
3.901655506528052264e-01
3.901314720986127083e-01
3.900975201214486043e-01
3.900636990726656372e-01
3.900300132518185747e-01
3.899964669025320352e-01
3.899630642089135235e-01
3.899298092914935121e-01
3.898969112905666390e-01
3.898641844178875049e-01
3.898316191694147226e-01
3.897992193286750617e-01
3.897669885956274727e-01
3.897349305828439192e-01
3.897030488122790737e-01
3.896713467122223662e-01
3.896398276138911543e-01
3.896084947485392580e-01
3.895773512444490883e-01
3.895464001242280871e-01
3.895156443019860970e-01
3.894850865811784746e-01
3.894547296518421353e-01
3.894245760886675956e-01
3.893946283490068438e-01
3.893648887708661133e-01
3.893353595713490156e-01
3.893060428450985655e-01
3.892769405632158231e-01
3.892480545719505525e-01
3.892193865919619244e-01
3.891909382175886556e-01
3.891627109164992881e-01
3.891347060293630089e-01
3.891069667543397004e-01
3.890796609684756269e-01
3.890525808480377323e-01
3.890257271402223771e-01
3.889991004669405839e-01
3.889727013259790533e-01
3.889465300926101543e-01
3.889205870211230875e-01
3.888948722468782981e-01
3.888693857884440441e-01
3.888441275500381655e-01
3.888190973241011927e-01
3.887942947942544802e-01
3.887697195383399973e-01
3.887453710317567146e-01
3.887212486510167597e-01
3.886973516774788195e-01
3.886736793013381153e-01
3.886502306258028949e-01
3.886270046714696558e-01
3.886040003809091981e-01
3.885812166234210996e-01
3.885586521999925269e-01
3.885363058484344601e-01
3.885141762486623018e-01
3.884922620281490158e-01
3.884706484149685890e-01
3.884493808899278089e-01
3.884283220386434698e-01
3.884074702623971920e-01
3.883868239408746481e-01
3.883663814384358814e-01
3.883461411105103567e-01
3.883261013099575387e-01
3.883062603936734414e-01
3.882866167290113801e-01
3.882671687005854744e-01
3.882479147166656430e-01
3.882288532160087513e-01
3.882099826743410365e-01
3.881913016110739023e-01
3.881728085958720542e-01
3.881545022551546320e-01
3.881363812785270095e-01
3.881184444253322208e-01
3.881006905306264021e-01
3.880831185116794813e-01
3.880657273737191937e-01
3.880485162159139634e-01
3.880314842370383155e-01
3.880146307408637307e-01
3.879979551415378980e-01
3.879814569684631453e-01
3.879651358710451969e-01
3.879489916232782831e-01
3.879330241275941726e-01
3.879172334190118532e-01
3.879016196682187334e-01
3.878861831847656982e-01
3.878709244198569328e-01
3.878558439682196490e-01
3.878409425701745405e-01
3.878262211126537462e-01
3.878116806301792896e-01
3.877973223049006046e-01
3.877831474664650280e-01
3.877691575910010569e-01
3.877553542998154468e-01
3.877417393571580551e-01
3.877283311160504287e-01
3.877151682246648967e-01
3.877021956105760614e-01
3.876894155692812149e-01
3.876768305213374455e-01
3.876644430063371227e-01
3.876522556765821248e-01
3.876402712895532510e-01
3.876284927002263125e-01
3.876169228525451205e-01
3.876055647700088480e-01
3.875944215460925268e-01
3.875834963336338701e-01
3.875727923339014058e-01
3.875623127848694116e-01
3.875520609492915658e-01
3.875420401018275229e-01
3.875322535161889181e-01
3.875227044514465424e-01
3.875133961383858128e-01
3.875043317651788444e-01
3.874955144631272996e-01
3.874869472919568181e-01
3.874786332252570520e-01
3.874705751356292138e-01
3.874627757800304106e-01
3.874552377851652185e-01
3.874479636330511734e-01
3.874409556468594862e-01
3.874342159770964855e-01
3.874277465882048355e-01
3.874215492456788978e-01
3.874156255037461971e-01
3.874099766937442735e-01
3.874046039132065244e-01
3.873995080157734971e-01
3.873947167172219208e-01
3.873902423638386772e-01
3.873860483351573847e-01
3.873821342886775154e-01
3.873784995964726918e-01
3.873751433414753254e-01
3.873720643151644105e-01
3.873692610164488070e-01
3.873667316520514881e-01
3.873644741383147072e-01
3.873624861043694634e-01
3.873607648967429817e-01
3.873593075857217904e-01
3.873581109726205729e-01
3.873571715991219189e-01
3.873564857574592901e-01
3.873560495024991335e-01
3.873558586645778345e-01
3.873559088638063308e-01
3.873561955257422973e-01
3.873567138975450574e-01
3.873574590655252670e-01
3.873586228649647523e-01
3.873601593282303135e-01
3.873619176852834967e-01
3.873638908375859891e-01
3.873660716193866871e-01
3.873684528259644932e-01
3.873710272415399336e-01
3.873737876667162627e-01
3.873767269452041417e-01
3.873798379901623457e-01
3.873831138091956006e-01
3.873865475285581117e-01
3.873901324157363324e-01
3.873938619012616824e-01
3.873977295984543101e-01
3.874017293219184088e-01
3.874058551041738574e-01
3.874101012103269293e-01
3.874144621511688702e-01
3.874189326936882671e-01
3.874235078703923696e-01
3.874281829852885273e-01
3.874329536186523204e-01
3.874378156290256836e-01
3.874427651528608019e-01
3.874477986022107912e-01
3.874529126596739648e-01
3.874581042710430467e-01
3.874633706360124941e-01
3.874687091962075725e-01
3.874741176209270388e-01
3.874795937913754207e-01
3.874851357820662812e-01
3.874907418409213600e-01
3.874964103674805593e-01
3.875021398893796487e-01
3.875079290377060337e-01
3.875137765211482677e-01
3.875196810994916419e-01
3.875256415562145507e-01
3.875316566710841903e-01
3.875377251931402256e-01
3.875438458132529074e-01
3.875500171385977688e-01
3.875562376675489862e-01
3.875625057664782158e-01
3.875688196488761839e-01
3.875751773560501268e-01
3.875815767416126989e-01
3.875880154584925852e-01
3.875944909500144697e-01
3.876010004444295776e-01
3.876075409540630790e-01
3.876141092789340270e-01
3.876207020147456883e-01
3.876273155667527837e-01
3.876339461676545084e-01
3.876405899014360723e-01
3.876472427324428871e-01
3.876539005382903524e-01
3.876605591500384973e-01
3.876672143951125915e-01
3.876738621458731826e-01
3.876804983720277265e-01
3.876871191966029251e-01
3.876937209550968544e-01
3.877003969269330330e-01
3.877070537966810226e-01
3.877136779996855909e-01
3.877202669524576484e-01
3.877268186122616034e-01
3.877333315427900495e-01
3.877398049772182720e-01
3.877462388789581493e-01
3.877526339979646686e-01
3.877589919227827364e-01
3.877653151269923049e-01
3.877719342264151492e-01
3.877786609835857656e-01
3.877853705702594134e-01
3.877920671462026792e-01
3.877987556317737394e-01
3.878054417112563046e-01
3.878121318277884533e-01
3.878188331727936422e-01
3.878255536674117265e-01
3.878323019378409064e-01
3.878390872832463976e-01
3.878459196368954087e-01
3.878528095207759985e-01
3.878597679940481435e-01
3.878668065950196531e-01
3.878739372776220939e-01
3.878811723431730973e-01
3.878885243671345018e-01
3.878960061214751787e-01
3.879037222761885229e-01
3.879116424394088991e-01
3.879197396822148258e-01
3.879280266244787279e-01
3.879365156431718864e-01
3.879452187856612944e-01
3.879541476839833969e-01
3.879633134704692510e-01
3.879727266957558873e-01
3.879823972498603335e-01
3.879923342866502534e-01
3.880025461526190877e-01
3.880130403204047340e-01
3.880238233274876936e-01
3.880349007206825851e-01
3.880462770067287237e-01
3.880579556092891291e-01
3.880699388328044952e-01
3.880822278332681785e-01
3.880948225961995957e-01
3.881077219219136731e-01
3.881209234180992840e-01
3.881344234997797793e-01
3.881482173965800087e-01
3.881622991671894174e-01
3.881766617208158299e-01
3.881912968456426860e-01
3.882061952437410590e-01
3.882213465725004031e-01
3.882367394919473136e-01
3.882523617179294839e-01
3.882684877987938599e-01
3.882848387727681483e-01
3.883013780255079594e-01
3.883180898621341193e-01
3.883349579868594081e-01
3.883519655819633321e-01
3.883690953898681908e-01
3.883863297977459550e-01
3.884036509236580836e-01
3.884210407036205459e-01
3.884384809806236127e-01
3.884559535928696627e-01
3.884734404629088811e-01
3.884909236860247805e-01
3.885083856176334005e-01
3.885258089591830943e-01
3.885431768429847832e-01
3.885604729143453673e-01
3.885776814111205346e-01
3.885947872407704007e-01
3.886117760543095212e-01
3.886286343161570733e-01
3.886453493699302819e-01
3.886619095014650638e-01
3.886783651190793276e-01
3.886948519164893368e-01
3.887111511773577166e-01
3.887272554055538065e-01
3.887431582933000285e-01
3.887588547520237636e-01
3.887743409382500848e-01
3.887896142722191417e-01
3.888046734528730064e-01
3.888195184631374479e-01
3.888341505720177560e-01
3.888485723278436446e-01
3.888627875467939310e-01
3.888768012932524720e-01
3.888906198550544091e-01
3.889042507109961577e-01
3.889177024919696080e-01
3.889309849364305238e-01
3.889441088382655787e-01
3.889570859889766585e-01
3.889699291141792137e-01
3.889826518029357860e-01
3.889952684323865761e-01
3.890077940868261197e-01
3.890202444712085872e-01
3.890326358209638680e-01
3.890449848067978333e-01
3.890573084358409650e-01
3.890696239505049836e-01
3.890819487240879115e-01
3.890943001546769420e-01
3.891066955585418818e-01
3.891191520629939671e-01
3.891316864989871060e-01
3.891443152966089225e-01
3.891570543818778094e-01
3.891699190765979255e-01
3.891829240027961379e-01
3.891960829918218456e-01
3.892094089988279437e-01
3.892229268936042708e-01
3.892367521339787917e-01
3.892507763557632172e-01
3.892650084760593265e-01
3.892794562217256060e-01
3.892941260930690706e-01
3.893090233366897079e-01
3.893241519287118368e-01
3.893395145679171554e-01
3.893551126789280836e-01
3.893709464255619146e-01
3.893870147332746390e-01
3.894033153212702603e-01
3.894198447431695964e-01
3.894365984358109101e-01
3.894535707754505083e-01
3.894707551408227997e-01
3.894881439819818381e-01
3.895057288942828655e-01
3.895235006965485081e-01
3.895414495125266718e-01
3.895595648547913181e-01
3.895778357102153144e-01
3.895962506260526315e-01
3.896147977960282005e-01
3.896334651455054532e-01
3.896522404150370988e-01
3.896711112417619027e-01
3.896900652380049235e-01
3.897090900664006985e-01
3.897281735115351586e-01
3.897473035473962288e-01
3.897664684001539426e-01
3.897856566067668393e-01
3.898048570686642456e-01
3.898240591003058753e-01
3.898432524732606819e-01
3.898624274552885960e-01
3.898815748443746898e-01
3.899006859984035511e-01
3.899197528603376428e-01
3.899387679785970007e-01
3.899577245235881229e-01
3.899766163003864916e-01
3.899954377572246722e-01
3.900141839909758712e-01
3.900328507491772623e-01
3.900514344287105417e-01
3.900699320722084140e-01
3.900883413615284789e-01
3.901066606090099476e-01
3.901248887465119108e-01
3.901430253124045233e-01
3.901611244757083319e-01
3.901793022104290132e-01
3.901973931917698812e-01
3.902153991677675404e-01
3.902333224018481594e-01
3.902511656514087712e-01
3.902689321458469029e-01
3.902866255629766079e-01
3.903042500050166175e-01
3.903218099740915492e-01
3.903393103465322422e-01
3.903567563469095281e-01
3.903741535213196001e-01
3.903915077104908038e-01
3.904088250221505740e-01
3.904261118030534772e-01
3.904433746107603964e-01
3.904606201853034197e-01
3.904778554201121521e-01
3.904950873334199768e-01
3.905123230391946976e-01
3.905295697179791414e-01
3.905468345880344638e-01
3.905641248765672757e-01
3.905814477907169624e-01
3.905988104894560498e-01
3.906162200553415786e-01
3.906336834669131841e-01
3.906512075715647958e-01
3.906687990589847725e-01
3.906864644353493232e-01
3.907042099982951378e-01
3.907220418127018702e-01
3.907399656875262250e-01
3.907579871536228100e-01
3.907761114427139582e-01
3.907945574304566572e-01
3.908131680623904702e-01
3.908318947044345237e-01
3.908507410993546927e-01
3.908697106066724158e-01
3.908888061900419597e-01
3.909080304063277111e-01
3.909273853962321188e-01
3.909468728764875500e-01
3.909664941339195954e-01
3.909862500210038450e-01
3.910061409531833676e-01
3.910261669079022062e-01
3.910463274251869681e-01
3.910666216100003312e-01
3.910870481362971884e-01
3.911076052523314028e-01
3.911282907878220749e-01
3.911491021626844478e-01
3.911700363966810756e-01
3.911910901210978175e-01
3.912122595913223311e-01
3.912335407007597743e-01
3.912549289958653920e-01
3.912764196924228277e-01
3.912980076925738349e-01
3.913196876028215421e-01
3.913414537531989534e-01
3.913633002164000896e-01
3.913852208283725154e-01
3.914072092087825250e-01
3.914292587823863800e-01
3.914513628005034107e-01
3.914735143627424141e-01
3.914957064390863772e-01
3.915179318916509055e-01
3.915401834971341533e-01
3.915624539682391325e-01
3.915847359756696733e-01
3.916070221694366027e-01
3.916293863696349575e-01
3.916518351068108417e-01
3.916742632017134462e-01
3.916966634379576706e-01
3.917190286818259537e-01
3.917413519004998568e-01
3.917636261793969732e-01
3.917858447392341126e-01
3.918080009514507966e-01
3.918300883538727297e-01
3.918521006643920224e-01
3.918740317945679785e-01
3.918958758616448157e-01
3.919176272004039063e-01
3.919392803728099506e-01
3.919608301778285120e-01
3.919822716596591539e-01
3.920036001156640970e-01
3.920248111014854597e-01
3.920459004377472856e-01
3.920668642134949033e-01
3.920876987905206335e-01
3.921084008046556435e-01
3.921289671688484302e-01
3.921493950722321764e-01
3.921696819810523427e-01
3.921898256370892066e-01
3.922098240556888271e-01
3.922296755236038823e-01
3.922493785944744515e-01
3.922689320864078955e-01
3.922883350752010001e-01
3.923075868903154184e-01
3.923266871080664520e-01
3.923456355457479727e-01
3.923644322537713225e-01
3.923830775085077049e-01
3.924015718042590528e-01
3.924199158448240521e-01
3.924381105350832621e-01
3.924561569714529741e-01
3.924740564330898573e-01
3.924918103726059426e-01
3.925094204058445779e-01
3.925268883026209465e-01
3.925442159768294803e-01
3.925614054761553673e-01
3.925784589728187335e-01
3.925953787531143990e-01
3.926121672079754266e-01
3.926288268226315603e-01
3.926453601677389882e-01
3.926617698891187724e-01
3.926780586989335742e-01
3.926942293661517813e-01
3.927102847078685621e-01
3.927262275801935987e-01
3.927420608702585358e-01
3.927577874875942676e-01
3.927734103562885437e-01
3.927889324078108202e-01
3.928043565726894171e-01
3.928196857745327453e-01
3.928349229228980111e-01
3.928500709066062857e-01
3.928651325884870982e-01
3.928801107990287922e-01
3.928950083315386754e-01
3.929098279368626878e-01
3.929245723188164452e-01
3.929392441301590710e-01
3.929538459681481410e-01
3.929683803713248103e-01
3.929828498162096229e-01
3.929972567140325723e-01
3.930116034085268106e-01
3.930258921731940025e-01
3.930401252094621323e-01
3.930543046448518041e-01
3.930684325317109762e-01
3.930825108458736450e-01
3.930965414851122497e-01
3.931105262695829272e-01
3.931244669404942438e-01
3.931383651601708107e-01
3.931522225114816305e-01
3.931660404990199864e-01
3.931798205480977471e-01
3.931935640063676241e-01
3.932072721434985985e-01
3.932209461529322936e-01
3.932345871516910174e-01
3.932481961821085448e-01
3.932617742128414751e-01
3.932753221398643806e-01
3.932888407880326120e-01
3.933023309119721977e-01
3.933157931981773880e-01
3.933292282658090167e-01
3.933426366686677556e-01
3.933560188964189686e-01
3.933693753766244194e-01
3.933827064757512981e-01
3.933960125012338493e-01
3.934092937026772430e-01
3.934225502740241742e-01
3.934357823546483224e-01
3.934489900311398114e-01
3.934621733390081810e-01
3.934752165515922329e-01
3.934881629321135277e-01
3.935010888213619773e-01
3.935139940527037083e-01
3.935268784137449516e-01
3.935397416484048838e-01
3.935525834574424842e-01
3.935654035012052798e-01
3.935782014004449159e-01
3.935909767380691426e-01
3.936037290603707772e-01
3.936164578785384394e-01
3.936291626698675272e-01
3.936418428792018975e-01
3.936544979203306371e-01
3.936671271764103919e-01
3.936797300022688018e-01
3.936923057246290991e-01
3.937048536436196233e-01
3.937173730337623079e-01
3.937298631448641895e-01
3.937423232032283837e-01
3.937547524124817566e-01
3.937671499546874787e-01
3.937795149909258385e-01
3.937918466627062797e-01
3.938041440923269465e-01
3.938164063841598228e-01
3.938286326254216707e-01
3.938408218867370247e-01
3.938529732235130365e-01
3.938650856761372054e-01
3.938771582714378217e-01
3.938891900230437337e-01
3.939011799323980934e-01
3.939131269895078113e-01
3.939250301739838367e-01
3.939368884554114714e-01
3.939487007947027331e-01
3.939604661445449407e-01
3.939721834502638020e-01
3.939838516509373001e-01
3.939954696797775546e-01
3.940070364653407431e-01
3.940185509321729174e-01
3.940300120018180863e-01
3.940414185934714153e-01
3.940527696248351530e-01
3.940640640131652939e-01
3.940753006759225019e-01
3.940864785317585994e-01
3.940975965011758175e-01
3.941086535076530062e-01
3.941196484782744647e-01
3.941305803445832034e-01
3.941414480436648549e-01
3.941522505185704461e-01
3.941629867195650117e-01
3.941736556046782081e-01
3.941842561405617396e-01
3.941947873035093752e-01
3.942052480799324021e-01
3.942156374672191044e-01
3.942259544746727351e-01
3.942361981242785696e-01
3.942463674509601446e-01
3.942564615040124454e-01
3.942664793471958307e-01
3.942764200598518620e-01
3.942862827370995915e-01
3.942960664909631041e-01
3.943057704506586214e-01
3.943153937632968287e-01
3.943249355943614920e-01
3.943343951284563609e-01
3.943437715695403689e-01
3.943530641414713656e-01
3.943622720885918143e-01
3.943713946760611377e-01
3.943804311902693316e-01
3.943893809392635674e-01
3.943982432527964876e-01
3.944070174830747733e-01
3.944157030046019363e-01
3.944242992146577143e-01
3.944328055335209471e-01
3.944412214044490939e-01
3.944495462940910135e-01
3.944577796923249835e-01
3.944659211125599030e-01
3.944739700916349290e-01
3.944819261900323615e-01
3.944897889915643940e-01
3.944975581036278545e-01
3.945052331569682824e-01
3.945128138057177880e-01
3.945202997270326750e-01
3.945276906212893397e-01
3.945349862116585005e-01
3.945421862438870941e-01
3.945492904862676342e-01
3.945562987291912349e-01
3.945632107850153281e-01
3.945700264877010643e-01
3.945767456924640926e-01
3.945833682756398342e-01
3.945898941339724963e-01
3.945963231845802111e-01
3.946026553644284562e-01
3.946088906299565213e-01
3.946150289565404368e-01
3.946210703383206120e-01
3.946270147874251788e-01
3.946328623338757335e-01
3.946386130247984680e-01
3.946442669241724266e-01
3.946498241122018413e-01
3.946552846849106788e-01
3.946606487537031582e-01
3.946659164446749135e-01
3.946710878982765958e-01
3.946761632687460497e-01
3.946811427236049385e-01
3.946860264431135690e-01
3.946908146198453982e-01
3.946955074580528744e-01
3.947001051732779708e-01
3.947046079917125860e-01
3.947090161498870153e-01
3.947133298939290991e-01
3.947175494792236061e-01
3.947216751698883197e-01
3.947257072383300591e-01
3.947296459646130740e-01
3.947334916361232016e-01
3.947372445470972435e-01
3.947409049980680762e-01
3.947444732954971114e-01
3.947479497512731417e-01
3.947513346823550151e-01
3.947546284102764758e-01
3.947578312607027407e-01
3.947609435631680430e-01
3.947639656505462780e-01
3.947668978586483801e-01
3.947697405260057191e-01
3.947724939933439092e-01
3.947751586033093618e-01
3.947777347001611981e-01
3.947802226293400940e-01
3.947826227372137620e-01
3.947849353707856279e-01
3.947871608773680374e-01
3.947892996043441127e-01
3.947913518987374304e-01
3.947933181072352804e-01
3.947951985756706916e-01
3.947969936489254539e-01
3.947987036706845365e-01
3.948003289831678031e-01
3.948018699269710274e-01
3.948033268408860375e-01
3.948047000616747848e-01
3.948059899239015347e-01
3.948071967597998611e-01
3.948083208991064463e-01
3.948093626688970459e-01
3.948103223934550932e-01
3.948112003942045312e-01
3.948119969895023673e-01
3.948127124946078093e-01
3.948133472215706874e-01
3.948139014790916224e-01
3.948143755724921600e-01
3.948147698036436615e-01
3.948150844708523954e-01
3.948153198688673093e-01
3.948154762887610691e-01
3.948155540179361656e-01
3.948155533400794504e-01
3.948154745350865857e-01
3.948153178790977380e-01
3.948150836444290213e-01
3.948147720995867083e-01
3.948143835092352005e-01
3.948139181342043558e-01
3.948133762314903761e-01
3.948127580542456494e-01
3.948120638518012870e-01
3.948112938696717311e-01
3.948104483495587513e-01
3.948095275293825868e-01
3.948085316433019853e-01
3.948074609217309683e-01
3.948063155913655309e-01
3.948050958752071793e-01
3.948038019926070619e-01
3.948024341592762387e-01
3.948009925873359749e-01
3.947994774853440525e-01
3.947978890583255240e-01
3.947962275078238381e-01
3.947944930319125523e-01
3.947926858252606697e-01
3.947908060791426310e-01
3.947888539814968789e-01
3.947868297169481178e-01
3.947847334668500019e-01
3.947825654093239933e-01
3.947803257192859516e-01
3.947780145684903208e-01
3.947756321255542766e-01
3.947731785559990825e-01
3.947706540222743476e-01
3.947680586837920003e-01
3.947653926969529881e-01
3.947626562151725360e-01
3.947598493889076243e-01
3.947569723656781937e-01
3.947540252900887392e-01
3.947510083038476281e-01
3.947479215457839197e-01
3.947447651518606326e-01
3.947415392551901214e-01
3.947382439860404046e-01
3.947348794718455456e-01
3.947314458372109258e-01
3.947279432039136338e-01
3.947243716909032973e-01
