3.885862480743653147e-01
3.885617665552339450e-01
3.885350339390332142e-01
3.885060797199322846e-01
3.884749335424226291e-01
3.884416251934804110e-01
3.884061845887557540e-01
3.883686417584473749e-01
3.883290268297271419e-01
3.882873700050177290e-01
3.882437015392283808e-01
3.881980517131151109e-01
3.881504508036157652e-01
3.881009290524797817e-01
3.880495166313196465e-01
3.879962436040291229e-01
3.879411398875927675e-01
3.878842352096660284e-01
3.878255590647226581e-01
3.877651406675988732e-01
3.877030089059922413e-01
3.876391922910217835e-01
3.875737189068620969e-01
3.875066163597168378e-01
3.874379117258382466e-01
3.873676314994445313e-01
3.872958015415727262e-01
3.872224470286899645e-01
3.871475924028703886e-01
3.870712613237496935e-01
3.869934766219545463e-01
3.869142602555464827e-01
3.868336332693737556e-01
3.867516157577554070e-01
3.866682268315906335e-01
3.865834845898309946e-01
3.864974060958472624e-01
3.864100073598144003e-01
3.863213033266861829e-01
3.862313078707122482e-01
3.861400337970021801e-01
3.860474928500525205e-01
3.859536957298926318e-01
3.858586521159688698e-01
3.857623706990253032e-01
3.856648592208583581e-01
3.855661245223269695e-01
3.854661725992784005e-01
3.853650086663300556e-01
3.852626372282770828e-01
3.851590621587324126e-01
3.850542867855451523e-01
3.849483139824400602e-01
3.848411462662089111e-01
3.847327858986097637e-01
3.846232349921679949e-01
3.845124956188863408e-01
3.844005699206497484e-01
3.842874602204107148e-01
3.841731691327319731e-01
3.840576996724365255e-01
3.839410553601046439e-01
3.838232403230382728e-01
3.837042593903054466e-01
3.835841181805381139e-01
3.834628231812060029e-01
3.833403818180674549e-01
3.832168025137288048e-01
3.830920947340613059e-01
3.829662690217515708e-01
3.828393444303163085e-01
3.827113381660884883e-01
3.825822453831307923e-01
3.824520812489498600e-01
3.823208621663666817e-01
3.821886056985724922e-01
3.820553304771983627e-01
3.819210560943642752e-01
3.817858029800354491e-01
3.816495922662156426e-01
3.815124456397684938e-01
3.813743851858498735e-01
3.812354332241284505e-01
3.810956667138933884e-01
3.809550998486607720e-01
3.808137009087297353e-01
3.806714910106310246e-01
3.805284906870188277e-01
3.803847197322825502e-01
3.802401970579254442e-01
3.800949405599959308e-01
3.799489670006532815e-01
3.798022919057806313e-01
3.796549294803510111e-01
3.795068925429276874e-01
3.793581924805183303e-01
3.792088392245541728e-01
3.790588412485803582e-01
3.789082055879276489e-01
3.787569378812112864e-01
3.786050424331082187e-01
3.784525222980656967e-01
3.782993793834335539e-01
3.781456145710083150e-01
3.779912278552416960e-01
3.778362184963992565e-01
3.776805851863736518e-01
3.775244447049054264e-01
3.773676970016730525e-01
3.772103302645324896e-01
3.770523426234168030e-01
3.768937325699052709e-01
3.767344991495674700e-01
3.765746421484753581e-01
3.764141622720019731e-01
3.762530613124600021e-01
3.760913423036360004e-01
3.759290096596732966e-01
3.757660692960288484e-01
3.756025287307122040e-01
3.754383971640775086e-01
3.752736855357248769e-01
3.751084065576066329e-01
3.749425747219615745e-01
3.747762062848006281e-01
3.746093192238466596e-01
3.744419331715225230e-01
3.742740693245020789e-01
3.741057503295820430e-01
3.739370001485696760e-01
3.737678439034533562e-01
3.735983077040549438e-01
3.734284184609166779e-01
3.732584327875674846e-01
3.730883049123034367e-01
3.729179150635757445e-01
3.727472911325065419e-01
3.725764607441536258e-01
3.724054510453820854e-01
3.722342885009832791e-01
3.720629987013664985e-01
3.718916061848254739e-01
3.717201342770952155e-01
3.715486049505270505e-01
3.713769872812403006e-01
3.712052957970876643e-01
3.710335850812261915e-01
3.708618711172164684e-01
3.706902882677169941e-01
3.705190974752566313e-01
3.703479452489786827e-01
3.701768406895930563e-01
3.700057913004153320e-01
3.698348030267012976e-01
3.696638803045317889e-01
3.694930261159967699e-01
3.693222420485869906e-01
3.691515283560873328e-01
3.689808840191776129e-01
3.688103068034899734e-01
3.686399858467900303e-01
3.684700461262873095e-01
3.683001580846878564e-01
3.681303147125319919e-01
3.679605080167360209e-01
3.677907290457467782e-01
3.676209679092445337e-01
3.674512137887603336e-01
3.672814549469020085e-01
3.671116787291949235e-01
3.669418715656646013e-01
3.667720508264908363e-01
3.666026220173678740e-01
3.664331106151695328e-01
3.662634992291982083e-01
3.660937695789638346e-01
3.659239025013601987e-01
3.657538779650656990e-01
3.655836750880660513e-01
3.654132721648313264e-01
3.652426466979028508e-01
3.650717754413085325e-01
3.649006344475105856e-01
3.647291991265035893e-01
3.645577298706424996e-01
3.643860501180309353e-01
3.642139934464053708e-01
3.640415335790379570e-01
3.639549483745765368e-01
3.637824170253988187e-01
3.636093656972407273e-01
3.634357686416498923e-01
3.632616003388831616e-01
3.630868356089942961e-01
3.629114497226863523e-01
3.627354185161131839e-01
3.625587338146080141e-01
3.623817046091284411e-01
3.622039590309152346e-01
3.620254764353393884e-01
3.618462372590469101e-01
3.616662231137472427e-01
3.614854168698840020e-01
3.613038027347493242e-01
3.611213663234532079e-01
3.609380947208273294e-01
3.607539765344843774e-01
3.605690019391704637e-01
3.603831627125633208e-01
3.601964522574306327e-01
3.600088656215565952e-01
3.598203995006212241e-01
3.596312990097247919e-01
3.594414011930842645e-01
3.592506216084542237e-01
3.590589633125665925e-01
3.588664308967300931e-01
3.586730304445410189e-01
3.584787694906254041e-01
3.582836569708472418e-01
3.580877031736318106e-01
3.578909196905479817e-01
3.576933193640439712e-01
3.574949162418661341e-01
3.572957255331424276e-01
3.570957635688477572e-01
3.568950477717787728e-01
3.566935966337753672e-01
3.564914297038491164e-01
3.562887712318895672e-01
3.560855055391285440e-01
3.558815832012104385e-01
3.556770279192405515e-01
3.554718646100220036e-01
3.552661194846644666e-01
3.550598201447953128e-01
3.547590525359169411e-01
3.545524033026445920e-01
3.543453548340447234e-01
3.541379455057101500e-01
3.539302160036446598e-01
3.537222094937692018e-01
3.535139717950449567e-01
3.533055515473725872e-01
3.530970003732130658e-01
3.528883730269610219e-01
3.526797275237050222e-01
3.524711252458775923e-01
3.522626310178086917e-01
3.520543131422593230e-01
3.518462433951810575e-01
3.516384969680088624e-01
3.514311523583078523e-01
3.512242911936888090e-01
3.510179979947384288e-01
3.508123598656543440e-01
3.506074661123108061e-01
3.504034077869925823e-01
3.502002771574505013e-01
3.499981671027355135e-01
3.497971704380523628e-01
3.495974455789068736e-01
3.493990258409970240e-01
3.492019873356991821e-01
3.490064146894650277e-01
3.488123881922484681e-01
3.486199828410076473e-01
3.484292673750868374e-01
3.482403033164107597e-01
3.480531440287625289e-01
3.478678338107425994e-01
3.476844070366517658e-01
3.475028873594392942e-01
3.473232869900999553e-01
3.471456060643877128e-01
3.469698321096065796e-01
3.467959396218605606e-01
3.466238897613209691e-01
3.464536301733346924e-01
3.462850949391080846e-01
3.461182046607139684e-01
3.459528666817840437e-01
3.457889486457580985e-01
3.456257122972410389e-01
3.454635922285434479e-01
3.453024513270004925e-01
3.451421432432650316e-01
3.449825133298413671e-01
3.448233996664978318e-01
3.446646341678716308e-01
3.445060437585216739e-01
3.443474516115105355e-01
3.441886784341494088e-01
3.440295437977498594e-01
3.438698674924829946e-01
3.437094709051493613e-01
3.435481783965806946e-01
3.433858186805650026e-01
3.432222261848119627e-01
3.430572423785412939e-01
3.428907170682135575e-01
3.427225096298268103e-01
3.425524901877888273e-01
3.423805407088288955e-01
3.422065560109141535e-01
3.420304446713600122e-01
3.418521298241530837e-01
3.416715498264110695e-01
3.414886587967216336e-01
3.413034269941441767e-01
3.411158410363721027e-01
3.409259039469746400e-01
3.407336350082098009e-01
3.405390694245708505e-01
3.403422577847938779e-01
3.401432653206415413e-01
3.399424154637420425e-01
3.397397383421941752e-01
3.395351730798432111e-01
3.393288317616922067e-01
3.391208348168113229e-01
3.389113094559423334e-01
3.387003880876545692e-01
3.384882067479135226e-01
3.382749035821319139e-01
3.380606174095563410e-01
3.378454864052963802e-01
3.376300619882670606e-01
3.374142577009081045e-01
3.371980177990991367e-01
3.369814666470250519e-01
3.367645969337025869e-01
3.365461628532511185e-01
3.363277949594566385e-01
3.361096058070177084e-01
3.358922369315437417e-01
3.356754209912171660e-01
3.354590877387960690e-01
3.352433248474672722e-01
3.350282141701189098e-01
3.348138318140477243e-01
3.346002481981919519e-01
3.343881948709482854e-01
3.341771217296289342e-01
3.339670221936709704e-01
3.337579435747434209e-01
3.335499275819593934e-01
3.333430102998602984e-01
3.331374254083290798e-01
3.329335082952798452e-01
3.327307580604038639e-01
3.325291877926365158e-01
3.323288050516525205e-01
3.321296119487334164e-01
3.319316052606530176e-01
3.317354276001593938e-01
3.315404428195464215e-01
3.313465952571088557e-01
3.311538618882342577e-01
3.309622154199239885e-01
3.307716245770651597e-01
3.305823996510969254e-01
3.303944437984701610e-01
3.302074184283345648e-01
3.300212794554762685e-01
3.298359804707358123e-01
3.296514730785624070e-01
3.294677072300899456e-01
3.292849317571756029e-01
3.291030568980441440e-01
3.289217558342392711e-01
3.287409751434958172e-01
3.285606612738495302e-01
3.283807608004587486e-01
3.282012206653780462e-01
3.280220046977832538e-01
3.278435216738210256e-01
3.276652338955018950e-01
3.274870919985637396e-01
3.273090479310933887e-01
3.271310550923544058e-01
3.269530684569652013e-01
3.267750446836896749e-01
3.265969422152644186e-01
3.264189268084033979e-01
3.263399742822136185e-01
3.261629683537543567e-01
3.259856500059853390e-01
3.258079894252601805e-01
3.256299588517320154e-01
3.254515326068774805e-01
3.252726871148010068e-01
3.250934009241480682e-01
3.249136547267710839e-01
3.247334406114060212e-01
3.245530485246323482e-01
3.243721448426917231e-01
3.241907190513133585e-01
3.240087628575316070e-01
3.238262702151710748e-01
3.236432373495196080e-01
3.234596627870342522e-01
3.232755473867823248e-01
3.230908943746883533e-01
3.229057093842361836e-01
3.227200004967207270e-01
3.225337782876864789e-01
3.223470558758597670e-01
3.221599577383797985e-01
3.219725109955657305e-01
3.217846110436481388e-01
3.215962814251889235e-01
3.214075484794544080e-01
3.212184414042910663e-01
3.210289923127562228e-01
3.208392362928348951e-01
3.206492114600730803e-01
3.204589590115574649e-01
3.202685232699008511e-01
3.200779517232690830e-01
3.198872950551033267e-01
3.196966071663073783e-01
3.195059451831374076e-01
3.193153694521642105e-01
3.190365541502902524e-01
3.188485181894287201e-01
3.186609048586467874e-01
3.184737905399160907e-01
3.182872543835895129e-01
3.181013781441938137e-01
3.179162459882094449e-01
3.177319442715086373e-01
3.175485612853752304e-01
3.173661869708206962e-01
3.171849125993320140e-01
3.170048304203589296e-01
3.168260332747797059e-01
3.166486141750239347e-01
3.164726658520326530e-01
3.162982802699960128e-01
3.161257378519173322e-01
3.159551185202605916e-01
3.157863591311847462e-01
3.156195438407738973e-01
3.154547531342388189e-01
3.152920631827560993e-01
3.151315451877079732e-01
3.149732647157623688e-01
3.148174398220922598e-01
3.146644278057551536e-01
3.145138435247750719e-01
3.143657233351846436e-01
3.142200945637926290e-01
3.140769749042972014e-01
3.139365864277602336e-01
3.137993022379542696e-01
3.136645480639616568e-01
3.135322969223110490e-01
3.134025096699286639e-01
3.132754251272649171e-01
3.131513280432950408e-01
3.130295265964893603e-01
3.129099291586611153e-01
3.127924311141238589e-01
3.126776043607123468e-01
3.125649522094779420e-01
3.124540243373446491e-01
3.123446642139663387e-01
3.122367078197041956e-01
3.121309994039548896e-01
3.120263282583735087e-01
3.119224939433604682e-01
3.118192878518709632e-01
3.117167601043014380e-01
3.116151599232387381e-01
3.115135156394371330e-01
3.114115951093393564e-01
3.113091645006570429e-01
3.112059898643073086e-01
3.111027210161639300e-01
3.109982470669069299e-01
3.108923176169279823e-01
3.107819717191457332e-01
3.106678846689307494e-01
3.105518426467892557e-01
3.104336802805615636e-01
3.103137738650509903e-01
3.101915100603436226e-01
3.100666702932615149e-01
3.099391429954213573e-01
3.098088331817857033e-01
3.096756631692084150e-01
3.095395730505858256e-01
3.094005208938032103e-01
3.092584826207712689e-01
3.091134515244512437e-01
3.089654374184647168e-01
3.088144653793713501e-01
3.086605741164204497e-01
3.085038139754921471e-01
3.083442446607996268e-01
3.081819327236647865e-01
3.080169489346228917e-01
3.078493656722573468e-01
3.076792544183437617e-01
3.075066835348139183e-01
3.073317163942240193e-01
3.071544100089945717e-01
3.069748141909461880e-01
3.067929712801436004e-01
3.066089164265861089e-01
3.064226783679919186e-01
3.062342806019307528e-01
3.060437428600049636e-01
3.058510827546593314e-01
3.056563175134768273e-01
3.054594657077489561e-01
3.052605489153674689e-01
3.050595932544635791e-01
3.048566307515910845e-01
3.046507669328594736e-01
3.044395277241323527e-01
3.042262652786149046e-01
3.040110545195607306e-01
3.037939804340131777e-01
3.035751377509654514e-01
3.033546303430878499e-01
3.031325703953587913e-01
3.029098729668365797e-01
3.026859831737769291e-01
3.024609406755445207e-01
3.022348785090845369e-01
3.020079323583266806e-01
3.017807586334925185e-01
3.015534931323269330e-01
3.013257719125982947e-01
3.010977292744622669e-01
3.008694974792525123e-01
3.006422604936761500e-01
3.004151577438431420e-01
3.001882516049177441e-01
2.999616585953983061e-01
2.997363367480958551e-01
2.995118664383902840e-01
2.992880310984554759e-01
2.990649257032876318e-01
2.988437546148224877e-01
2.986235536669402113e-01
2.984043292582106432e-01
2.981865872130710082e-01
2.979707060395854756e-01
2.977559885460099309e-01
2.975424875298183225e-01
2.973311877761575794e-01
2.971214144512537847e-01
2.969129693090203359e-01
2.967063562807980559e-01
2.965017841533271192e-01
2.962985989372263762e-01
2.960968868684609734e-01
2.958976089159066070e-01
2.956997291490324198e-01
2.955032483684175149e-01
2.953087698751334922e-01
2.951161031523244493e-01
2.949247941299051323e-01
2.947349602907591293e-01
2.945472976993624981e-01
2.943609198618214462e-01
2.941758041391819845e-01
2.939924617213303115e-01
2.938106889172893421e-01
2.936300744611081148e-01
2.934505876667670710e-01
2.932728066297145553e-01
2.930962892502835260e-01
2.929207767701901832e-01
2.927462340170722821e-01
2.925731539136419146e-01
2.924011691999150453e-01
2.922300230830807699e-01
2.920596790288949585e-01
2.918902749254490558e-01
2.917220677067094425e-01
2.915881765675920612e-01
2.914238951259620070e-01
2.912603002881301584e-01
2.910971553050409333e-01
2.909344269021960638e-01
2.907720828058535933e-01
2.906100918356869789e-01
2.904487684000923720e-01
2.902878283674968918e-01
2.901271373657223207e-01
2.899666696305759905e-01
2.898064008695963034e-01
2.896463083279361417e-01
2.894863708509641809e-01
2.893267491121852553e-01
2.891673781417410383e-01
2.890080920542096310e-01
2.888488767285057879e-01
2.886897198914142315e-01
2.885306111650778882e-01
2.883715421120650602e-01
2.882125062798639448e-01
2.880534992426873053e-01
2.878945186421695279e-01
2.877355642258418444e-01
2.875766378842797844e-01
2.874177436858455503e-01
2.872589714271683303e-01
2.871002548617307415e-01
2.869415776777602956e-01
2.867829526119898276e-01
2.866243946793425312e-01
2.864659211895871915e-01
2.863075517586277652e-01
2.861493083154692529e-01
2.859912151024548432e-01
2.858332986694273603e-01
2.856755878602379450e-01
2.855181137908519018e-01
2.853610209843492895e-01
2.852042800993551119e-01
2.850479070575532292e-01
2.848919423267021189e-01
2.847364283959832876e-01
2.845814096805383553e-01
2.844269324102056129e-01
2.842730445013353924e-01
2.841197954103671375e-01
2.839672359687450132e-01
2.838155047425154898e-01
2.836649184954490033e-01
2.835152121614578080e-01
2.833664406446633199e-01
2.832186590458924402e-01
2.830719223606838475e-01
2.829224797111653533e-01
2.827828728991652052e-01
2.826448163716737128e-01
2.825081906432324041e-01
2.823730413723395949e-01
2.822400408864282340e-01
2.821088539340935730e-01
2.819792964150547032e-01
2.818517498589538928e-01
2.817265260022169260e-01
2.816030421925456162e-01
2.814816236105311953e-01
2.813627380861052352e-01
2.812456449105495415e-01
2.811306956059120843e-01
2.810183232917236040e-01
2.809077227606826543e-01
2.807995264172024608e-01
2.806935991399762131e-01
2.805893395845522331e-01
2.804877212882543880e-01
2.803878975482992919e-01
2.802895500144742535e-01
2.801938713959692406e-01
2.800995293391947416e-01
2.800066673173289833e-01
2.799159484463561443e-01
2.798262142350815829e-01
2.797378013364126281e-01
2.796509943047882918e-01
2.795648033372661323e-01
2.794793988128937978e-01
2.793953550539863273e-01
2.793115465161193356e-01
2.792278894189475502e-01
2.791454449069545318e-01
2.790628820512870978e-01
2.789801004451444855e-01
2.788976390882910161e-01
2.788153266168189037e-01
2.787325344080313072e-01
2.786492015649311149e-01
2.785658161518904663e-01
2.784823437520738132e-01
2.783981930714186648e-01
2.783133434441613652e-01
2.782278616969148244e-01
2.781425738344163734e-01
2.780565469052608263e-01
2.779697807560711498e-01
2.778822752486314607e-01
2.777940280442314225e-01
2.777058938175297476e-01
2.776170122507758409e-01
2.775273313326793168e-01
2.774368201617957164e-01
2.773454371978524291e-01
2.772531297096839653e-01
2.771603552042064544e-01
2.770667498436967802e-01
2.769719752269033108e-01
2.768759357805449239e-01
2.767785279097344509e-01
2.766796414891396494e-01
2.765791615700441963e-01
2.764769703213434404e-01
2.763735116765328459e-01
2.762680861954399103e-01
2.761605712989358974e-01
2.760508616844425389e-01
2.759388626617536588e-01
2.758244925601683328e-01
2.757076845332040449e-01
2.755883876597050031e-01
2.754665672361845119e-01
2.753422044176450645e-01
2.752152952438066125e-01
2.750858492561265578e-01
2.749538878714695156e-01
2.748194426306985183e-01
2.746825534803924440e-01
2.745432671534938640e-01
2.744016357100745873e-01
2.742577152788407413e-01
2.741115649806559196e-01
2.739632460503941269e-01
2.738128211202047191e-01
2.736603536576394657e-01
2.735059075149790520e-01
2.733495465965151694e-01
2.731913345849265040e-01
2.730313347590385686e-01
2.728696098360908207e-01
2.727062218687901218e-01
2.725412321709221874e-01
2.723747012572708681e-01
2.722066888142617991e-01
2.720372536713283607e-01
2.718664537954043614e-01
2.716943462747164473e-01
2.715209873340189706e-01
2.713465155086966507e-01
2.711713181505583936e-01
2.709950508296451455e-01
2.708177657038152719e-01
2.706395141122025505e-01
2.704603465811320495e-01
2.702803128415197098e-01
2.700994618259652258e-01
2.699178416839439487e-01
2.697354997862274617e-01
2.695531203408692567e-01
2.693701375749384952e-01
2.691865826490224545e-01
2.690024993032579248e-01
2.688179305244055572e-01
2.686329185496751371e-01
2.684475048730957103e-01
2.682620899814315840e-01
2.680767451713425564e-01
2.678911270725957139e-01
2.677052736824522272e-01
2.675192222689067312e-01
2.673330093723433332e-01
2.671469143502256949e-01
2.669612921496499758e-01
2.667756191501229335e-01
2.665899285179569311e-01
2.664042527275771177e-01
2.662186235557594816e-01
2.660337234081655566e-01
2.658491254512732604e-01
2.656646678882722545e-01
2.654803793282102808e-01
2.652962877325461544e-01
2.651128168514536587e-01
2.649300676130644794e-01
2.647475956678154163e-01
2.645654260314628248e-01
2.643835831251785673e-01
2.642026845086317688e-01
2.640224421732660365e-01
2.638425943915034266e-01
2.636631628832094010e-01
2.634842980446627791e-01
2.633066392763615537e-01
2.631294550207293192e-01
2.629527644860972790e-01
2.627765863859513606e-01
2.626014531602710034e-01
2.624272196900775400e-01
2.622535460387414585e-01
2.620804486246186560e-01
2.619082344095302051e-01
2.617371862115603354e-01
2.615667532609603496e-01
2.613969498398953650e-01
2.612279355685444560e-01
2.610602575796648894e-01
2.608932402157229657e-01
2.607268957689123923e-01
2.605612361546812417e-01
2.603969368360178338e-01
2.602334639008919703e-01
2.600706979638511274e-01
2.599086491487953565e-01
2.597478206444364113e-01
2.595879764257455480e-01
2.594288646707386126e-01
2.592704939003859232e-01
2.591131582597195337e-01
2.589569859233868954e-01
2.588015637391912205e-01
2.586468988657776302e-01
2.584929982677185989e-01
2.583403450886381236e-01
2.581886118459362223e-01
2.580376458210476565e-01
2.578874530163268730e-01
2.577380393541124914e-01
2.575899066803750137e-01
2.574426022562962268e-01
2.572960754068602252e-01
2.571503316069074230e-01
2.570053763890716159e-01
2.567671131231412662e-01
2.566255723057948579e-01
2.564847339588015585e-01
2.563446014819863450e-01
2.562054340833973543e-01
2.560670662992035052e-01
2.559293941613837164e-01
2.557924219012179812e-01
2.556561541280333305e-01
2.555205958640210384e-01
2.553857525681632046e-01
2.552516301564137780e-01
2.551182350246223862e-01
2.549856741853365749e-01
2.548538861496450481e-01
2.547228222598093561e-01
2.545924905814073713e-01
2.544628996781080899e-01
2.543340585931972431e-01
2.542059768235086503e-01
2.540786642776411419e-01
2.539521312298039235e-01
2.538263882594868348e-01
2.537014461773084428e-01
2.535773159424037915e-01
2.534540684716843906e-01
2.533317857347467950e-01
2.532103756614960677e-01
2.530898487402009622e-01
2.529702149479832185e-01
2.528514835939792982e-01
2.527336631527827837e-01
2.526167610944045627e-01
2.525007837141209910e-01
2.523861229028506736e-01
2.522724486015896495e-01
2.521597356519492683e-01
2.520479836268815221e-01
2.519371901821313431e-01
2.518275814359757780e-01
2.518382218332912426e-01
2.517335097845851410e-01
2.516304483730562591e-01
2.515284100867375416e-01
2.514273752066702450e-01
2.513273230950863191e-01
2.512286817132463601e-01
2.511312592412028311e-01
2.510347743401463716e-01
2.509392073234699150e-01
2.508448468904775908e-01
2.507518521269710421e-01
2.506597473838572676e-01
2.505685260345796861e-01
2.504785936911242961e-01
2.503899760077799574e-01
2.503022685595553409e-01
2.502154877186026916e-01
2.501302055714906825e-01
2.500462358724792611e-01
2.499632920828180893e-01
2.498814121133377253e-01
2.498012252999785299e-01
2.497225375301665440e-01
2.496450571883075398e-01
2.495688249773141965e-01
2.494947586634244097e-01
2.494221316752378292e-01
2.493508621428902339e-01
2.492811748084194090e-01
2.492136969207986996e-01
2.491475953854898340e-01
2.490828419972004604e-01
2.490198251999007073e-01
2.489587266899100648e-01
2.488988111491458044e-01
2.488399854061436045e-01
2.487829758710797257e-01
2.487271234570538059e-01
2.486719985162233471e-01
2.486174495397310280e-01
2.485643916244194840e-01
2.485116143350463436e-01
2.484588893710093505e-01
2.484060285153230907e-01
2.483536344878048141e-01
2.483009994482539839e-01
2.482476676562595519e-01
2.481934798669710729e-01
2.481384852273801067e-01
2.480831420964592360e-01
2.480265626929118172e-01
2.479686706054600731e-01
2.479094091639078012e-01
2.478487388361680366e-01
2.477872062704413458e-01
2.477244369264061108e-01
2.476601868680598229e-01
2.475944560831526697e-01
2.475272483373580079e-01
2.474585695715637579e-01
2.473884267404812543e-01
2.473169114821173187e-01
2.472444545820053630e-01
2.471705302249432301e-01
2.470951444873090985e-01
2.470183028689575677e-01
2.469400103808444547e-01
2.468602716730356750e-01
2.467790911557047606e-01
2.466964731423666457e-01
2.466124219584845956e-01
2.465269420505691034e-01
2.464400380725581263e-01
2.463519007736593158e-01
2.462624743434621011e-01
2.461716184004678343e-01
2.460793392178442507e-01
2.459856435320825763e-01
2.458905385739731664e-01
2.457940320690724656e-01
2.456961322657207902e-01
2.455968479392424686e-01
2.454961883887823437e-01
2.453941634393075333e-01
2.452907834390784525e-01
2.451860592477189404e-01
2.450800022303226411e-01
2.449726242334194781e-01
2.448639375784905092e-01
2.447539550363082572e-01
2.446426898042796394e-01
2.445301554857662318e-01
2.444163660626736123e-01
2.443013358651197620e-01
2.441850795535496499e-01
2.440676120747206912e-01
2.439489486435201249e-01
2.438291047110756338e-01
2.437080959287513393e-01
2.435859381329809614e-01
2.434626472960778609e-01
2.433382395189237490e-01
2.432127309876285781e-01
2.430861379623515395e-01
2.429584767415385871e-01
2.428297636447824814e-01
2.427000149940716778e-01
2.425693858169595263e-01
2.424379243366598935e-01
2.423054907401645808e-01
2.421721009754385923e-01
2.420377709191054716e-01
2.419025163647247900e-01
2.417663530158941920e-01
2.416292964803828935e-01
2.414913622690454120e-01
2.413525657957155679e-01
2.412129223742879580e-01
2.410724472243042371e-01
2.409311554746431938e-01
2.407890621728445979e-01
2.406464099342086049e-01
2.405032618380709142e-01
2.403593692073049681e-01
2.402147466633049455e-01
2.400694088065939424e-01
2.399233702180869066e-01
2.397766454825696891e-01
2.396292491971626359e-01
2.394811959973000282e-01
2.393325005676738559e-01
2.391834552712697459e-01
2.390341468142611059e-01
2.388842514593278177e-01
2.387337841162011920e-01
2.385827598431880248e-01
2.384311938711625722e-01
2.382791016217540303e-01
2.381264987315849513e-01
2.379739079954325265e-01
2.378210487836222575e-01
2.376677367045664790e-01
2.375139882409585401e-01
2.373598201764542115e-01
2.372052496275642575e-01
2.370503750575832236e-01
2.368958323324008020e-01
2.367409487955821623e-01
2.365857428009401076e-01
2.364302331112304867e-01
2.362744389096995690e-01
2.361183804524552565e-01
2.359629126301799884e-01
2.358072271660947572e-01
2.356513447471358103e-01
2.354952865352998026e-01
2.353390741677446885e-01
2.351833676257489292e-01
2.350277957173370624e-01
