3.885862480743653147e-01
3.886036906257949730e-01
3.886226503808478672e-01
3.886431314739944298e-01
3.886651360247398435e-01
3.886886864053200608e-01
3.887140444531341221e-01
3.887409233257744234e-01
3.887693174502240834e-01
3.887992195423264352e-01
3.888306206734447601e-01
3.888635103364184165e-01
3.888978765162265372e-01
3.889337057559095201e-01
3.890652860178332451e-01
3.891061484055878261e-01
3.891483960059252123e-01
3.891920101655858000e-01
3.892369712186117825e-01
3.892832585494375719e-01
3.893308506573793792e-01
3.893797252214818427e-01
3.894298591620414252e-01
3.894812287033858067e-01
3.895338094321653122e-01
3.895875763567160921e-01
3.896425039656611355e-01
3.896987297412767282e-01
3.897562182500292072e-01
3.898147868970535113e-01
3.898744085581812291e-01
3.899350558556859969e-01
3.899967012067401817e-01
3.900593168689157064e-01
3.901228749838769883e-01
3.901873476189010592e-01
3.902527068089778339e-01
3.903189245937587204e-01
3.903859730539852024e-01
3.904538243490252025e-01
3.905224507465969719e-01
3.905918246575533770e-01
3.906619186646742015e-01
3.907327055481274458e-01
3.908041583160846710e-01
3.908762502265313299e-01
3.909489548132381587e-01
3.910222459039041643e-01
3.910960976434840752e-01
3.911704845112882745e-01
3.912453813386287949e-01
3.913207633255198492e-01
3.913966060526574697e-01
3.914728854997031604e-01
3.913885531788710015e-01
3.914643469088656680e-01
3.915405256642985887e-01
3.916172878689382908e-01
3.916943784808524787e-01
3.917717755836238602e-01
3.918494577329175166e-01
3.919274039697095424e-01
3.920055938160758036e-01
3.920840072801101139e-01
3.921626248634076939e-01
3.922414275531468375e-01
3.923203968308288103e-01
3.923995146641811593e-01
3.924787635150994158e-01
3.925581263291968437e-01
3.926375865386818598e-01
3.927171280604023762e-01
3.927967352884402796e-01
3.928763930920631253e-01
3.929560868132634943e-01
3.930358022599266254e-01
3.931155257025650829e-01
3.931952438657005389e-01
3.932749439259249358e-01
3.933546135026395607e-01
3.934342406535412673e-01
3.935138138678583863e-01
3.935933220593554327e-01
3.936727545576031995e-01
3.937521011026371975e-01
3.938313518363988908e-01
3.939104972971150254e-01
3.939895284089492411e-01
3.940684364756435465e-01
3.941472131720361594e-01
3.942258505339569785e-01
3.943043409568338653e-01
3.943826771777747542e-01
3.944608522766971381e-01
3.945388596614587962e-01
3.946166930617635571e-01
3.946943465215213553e-01
3.947718143907349431e-01
3.948490913148129389e-01
3.949261722285921650e-01
3.950030523462667031e-01
3.950797271565427704e-01
3.951561924080496668e-01
3.952324441066979999e-01
3.953084785074250096e-01
3.953842921008858258e-01
3.954598816115619253e-01
3.955352543181832603e-01
3.956104910147181242e-01
3.956854934239091293e-01
3.957602591294092642e-01
3.958347859089851872e-01
3.959090717219276301e-01
3.959831147032522591e-01
3.960569131534166232e-01
3.961304655378298789e-01
3.962037704706961594e-01
3.962768267117269816e-01
3.963496331578678644e-01
3.964221888397095883e-01
3.964944929074087354e-01
3.965665446278713868e-01
3.966383433774796630e-01
3.967098886349703646e-01
3.967811799739275336e-01
3.968522170539349747e-01
3.969229996178125774e-01
3.969935274810317272e-01
3.970638005291758366e-01
3.971338187061657088e-01
3.972035820129352079e-01
3.972730904959351772e-01
3.973423442479691037e-01
3.974113433901830805e-01
3.974800880803847636e-01
3.975485784943600387e-01
3.976168148266601143e-01
3.976847972832825429e-01
3.977525260735570445e-01
3.978200014078520086e-01
3.978872234887486092e-01
3.979541925075460451e-01
3.980209086361704562e-01
3.980873720239010427e-01
3.981535827913780801e-01
3.982195410247421630e-01
3.982852467703505428e-01
3.983507000300625100e-01
3.984159007552579013e-01
3.984808488432423634e-01
3.985455441301306023e-01
3.986099863892514361e-01
3.986741753228981167e-01
3.987381105591504826e-01
3.988017916483018177e-01
3.988652180554322912e-01
3.989283891605543975e-01
3.989913042504963925e-01
3.990539625153056158e-01
3.991163630442969290e-01
3.991785048247353807e-01
3.992403867329158973e-01
3.993020075339001607e-01
3.993633658787140717e-01
3.994244602966181001e-01
3.994852891937987205e-01
3.995458508508208384e-01
3.996061434189246975e-01
3.996661649155879292e-01
3.997259132222395484e-01
3.997853860804034265e-01
3.998445810903445974e-01
3.999034957073454022e-01
3.999621272377186232e-01
4.000204728388038755e-01
4.000785295135436126e-01
4.001362941109746219e-01
4.001937633205954747e-01
4.002410597561187333e-01
4.002869631963765773e-01
4.003328363877666773e-01
4.003786790779369498e-01
4.004244906214342037e-01
4.004702699833011525e-01
4.005160157339132110e-01
4.005617260464851559e-01
4.006073986985155266e-01
4.006530310657482330e-01
4.006986201248167179e-01
4.007441624498792598e-01
4.007896542108461690e-01
4.008350911740507505e-01
4.008804687034103198e-01
4.009257817532368984e-01
4.009710248772851426e-01
4.010161922200992657e-01
4.010612775209702607e-01
4.011062741160985601e-01
4.011511749332214438e-01
4.011959724979201614e-01
4.012406589294429393e-01
4.012852259462946214e-01
4.013296648644295583e-01
4.013739665965621040e-01
4.014181216595484325e-01
4.014621201683517548e-01
4.015059518432582686e-01
4.015496060111725662e-01
4.015930716052264482e-01
4.016363371657923342e-01
4.016793908485998266e-01
4.017222204218224846e-01
4.017648132718115717e-01
4.018071564024751074e-01
4.018492364405427120e-01
4.018910396410987906e-01
4.019325518857599366e-01
4.019737586889310932e-01
4.020146452007379301e-01
4.020551962117363543e-01
4.020953961558093592e-01
4.021352291126950029e-01
4.021746788164811126e-01
4.022137286564841374e-01
4.022523616809308145e-01
4.022905606062370798e-01
4.023283078176472793e-01
4.023655853745472522e-01
4.024023750185504733e-01
4.024386581759522574e-01
4.024744159649846220e-01
4.025096291995588493e-01
4.025442783977480898e-01
4.025783437858522773e-01
4.026118053042559985e-01
4.026446426161869319e-01
4.026768351112858801e-01
4.027083619144367632e-01
4.027392018919767058e-01
4.027693336583813566e-01
4.027987355833848038e-01
4.028273858013402542e-01
4.028552622152126172e-01
4.028823425085100163e-01
4.029086041496243165e-01
4.029340244023628670e-01
4.029585803335823391e-01
4.029822488214739318e-01
4.030050065650889746e-01
4.030268300922976166e-01
4.030476957698646556e-01
4.030675798129024212e-01
4.030864582934038376e-01
4.031043071515447718e-01
4.031211022047966885e-01
4.031368191585009697e-01
4.031514336163581347e-01
4.031649210918932802e-01
4.031772570185390148e-01
4.031884167616103243e-01
4.031983756293562315e-01
4.032071088856417074e-01
4.032145917611933972e-01
4.032207994665387707e-01
4.032257072046173119e-01
4.032292901837297161e-01
4.032315857317736452e-01
4.032325670468677736e-01
4.032321511909198186e-01
4.032303135081009016e-01
4.032270294162767499e-01
4.032222744222158650e-01
4.032160241368142883e-01
4.032082542906849087e-01
4.031989407508224654e-01
4.031880595362328790e-01
4.031755868360673567e-01
4.031614990257301745e-01
4.031457726855433021e-01
4.031283846187244668e-01
4.031093118698920175e-01
4.030885317443811400e-01
4.030660218281389984e-01
4.030417600069677309e-01
4.030157244884046697e-01
4.029878938215607498e-01
4.029582469200791439e-01
4.029267630832898406e-01
4.028934220191793258e-01
4.028582038681909894e-01
4.028210892261038234e-01
4.027820591704395770e-01
4.027410952820179579e-01
4.026981796750977449e-01
4.026532950189528060e-01
4.026064245689477961e-01
4.025575521909069421e-01
4.025066623904178797e-01
4.024537403420593851e-01
4.023987719170407096e-01
4.023417437153741782e-01
4.022826430944642651e-01
4.022214582018832640e-01
4.021581780064479861e-01
4.020927923303673213e-01
4.020252918844167689e-01
4.019556682983659313e-01
4.018839141572990159e-01
4.018100230371892678e-01
4.017339895397729621e-01
4.016558093261155538e-01
4.015754791582155092e-01
4.014929969308695945e-01
4.014083617133494819e-01
4.013215737844684772e-01
4.012326346719282122e-01
4.011415471917671449e-01
4.010483154882081847e-01
4.009529450688996133e-01
4.008554428491415411e-01
4.007558171890989174e-01
4.006540779347395054e-01
4.005502364562474327e-01
4.004443056902858289e-01
4.003363001755029238e-01
4.002262360962362542e-01
4.001141313201694305e-01
4.000000054344685085e-01
3.998838797874648132e-01
3.997657775245988532e-01
3.996457236249386091e-01
3.995237449367967653e-01
3.993998702132987022e-01
3.992741301447763624e-01
3.991465573939107503e-01
3.990171866216495888e-01
3.988860545202197461e-01
3.987531998386192877e-01
3.986186634092527270e-01
3.984824881685770648e-01
3.983447191802061971e-01
3.982054036516224360e-01
3.980645909502490976e-01
3.979223326125509441e-01
3.977786823566010210e-01
3.976336960884517824e-01
3.974874318978430243e-01
3.973399500602326495e-01
3.971913130318643348e-01
3.970416868977196811e-01
3.968910902766634163e-01
3.967395381767357398e-01
3.965871016505004287e-01
3.964338538305952064e-01
3.962798698891416560e-01
3.961252270002205700e-01
3.959700042884755633e-01
3.958142827731503388e-01
3.956581453085979416e-01
3.955016765144375168e-01
3.953449627005964362e-01
3.951880917834527107e-01
3.950311532001635206e-01
3.948742378077912951e-01
3.947174377815771407e-01
3.945608464990581488e-01
3.944045584237766966e-01
3.942486689777481845e-01
3.940932744062888848e-01
3.939384716341027270e-01
3.937843581144818139e-01
3.936310316769375817e-01
3.934785903593670531e-01
3.933271322327337449e-01
3.931767552293065071e-01
3.930275569512092226e-01
3.928796344897849679e-01
3.927330842128086696e-01
3.925880015766304298e-01
3.924444809127488054e-01
3.923026152147466861e-01
3.921624959295014756e-01
3.920242127325135328e-01
3.918878533135801145e-01
3.917535031473724505e-01
3.916212452785846621e-01
3.914911600923944301e-01
3.913633250987869072e-01
3.912378147060150968e-01
3.911147000093629922e-01
3.909940485732435467e-01
3.908759242229549735e-01
3.907603868456786533e-01
3.906474921903822506e-01
3.905372916815409989e-01
3.904298322412848576e-01
3.903251561165183570e-01
3.902233007275837662e-01
3.901242985176458511e-01
3.900281768242686020e-01
3.899349577570970227e-01
3.898446581011034695e-01
3.897572892245943499e-01
3.896728570119143420e-01
3.895913618128027389e-01
3.895127984063849746e-01
3.894371869664460251e-01
3.893647187514523988e-01
3.892951351634377222e-01
3.892284086622644357e-01
3.891645062556947088e-01
3.891033895869946968e-01
3.890449094925416684e-01
3.889887177228693038e-01
3.889352275399164394e-01
3.888843784437309714e-01
3.888361049154484550e-01
3.887903366642843639e-01
3.887469988963008771e-01
3.887060126026389839e-01
3.886672948669152028e-01
3.886307591905265868e-01
3.885963158315784427e-01
3.885638721603740797e-01
3.885333330237414895e-01
3.885046011212014982e-01
3.884775773886586792e-01
3.884521613873299084e-01
3.884282516972023536e-01
3.884057463108583907e-01
3.883845430284896261e-01
3.883645398478349220e-01
3.883456353522442561e-01
3.883277290888438871e-01
3.883107219407340716e-01
3.882945164872977362e-01
3.882790173518986254e-01
3.882641451752827932e-01
3.882500522743944082e-01
3.882363908613251091e-01
3.882230766627304264e-01
3.882100289476709265e-01
3.881971707712748021e-01
3.881844291975086736e-01
3.881717354996389591e-01
3.881590253388532141e-01
3.881462389196911889e-01
3.881333211220685531e-01
3.881202216109165271e-01
3.881068949218407504e-01
3.880933005245083556e-01
3.880794028627960190e-01
3.880651713734438180e-01
3.880505804824359029e-01
3.880356095800857053e-01
3.880202429771131278e-01
3.880044698397871472e-01
3.879882841078363676e-01
3.879716843939712279e-01
3.879546738668549488e-01
3.879372601194359671e-01
3.879194550225693039e-01
3.879012745654619176e-01
3.878827386841978697e-01
3.878638710798739120e-01
3.878446990272713113e-01
3.878252531742913956e-01
3.878055673362363898e-01
3.877856782819606440e-01
3.877656255169921184e-01
3.877454510623540296e-01
3.877251992309869721e-01
3.877049164029411910e-01
3.876846508000287850e-01
3.876644522610696586e-01
3.876443720185286934e-01
3.876244624785978310e-01
3.876047770029130701e-01
3.875853696951818694e-01
3.875662951931461153e-01
3.875476084647926367e-01
3.875293646114390533e-01
3.875116186769844706e-01
3.874944254644770436e-01
3.874778393598933834e-01
3.874619141641162390e-01
3.874467029334576207e-01
3.874322578272209605e-01
3.874186299661615540e-01
3.874058692976972140e-01
3.873940244716728709e-01
3.873831427243817904e-01
3.873732697718693663e-01
3.873644497126559338e-01
3.873567249390356682e-01
3.873501360576712682e-01
3.873447218188429408e-01
3.873405190546784782e-01
3.873375626255705639e-01
3.873358853751469599e-01
3.873355180932118724e-01
3.873364894865868324e-01
3.873388261574615687e-01
3.873425525890742405e-01
3.873478271555754193e-01
3.873546984650613201e-01
3.873630254615604840e-01
3.873728238912840793e-01
3.873841074099887982e-01
3.874386843515782997e-01
3.874549261918905918e-01
3.874726671849318960e-01
3.874919117853862782e-01
3.875126626100674487e-01
3.875349204830631500e-01
3.875586844829452815e-01
3.875839519920687981e-01
3.876107187500275608e-01
3.876389789066739811e-01
3.876687250793349748e-01
3.876999484085547620e-01
3.877326386188578167e-01
3.877667840765905427e-01
3.878023718516662166e-01
3.878393877778369414e-01
3.878780962069908744e-01
3.879182835965831466e-01
3.879598497974964255e-01
3.880027761629653571e-01
3.880470431232398432e-01
3.880926302446360832e-01
3.881395162886120409e-01
3.881876792729031522e-01
3.882370965253497674e-01
3.882877447442924512e-01
3.883396000528740455e-01
3.883926380524160837e-01
3.884468338765965090e-01
3.885021622426979571e-01
3.885585975025344641e-01
3.886161136895605606e-01
3.886746845679249773e-01
3.887342836783159727e-01
3.887948843786517283e-01
3.888564598922844007e-01
3.889189833425046317e-01
3.889826513635289973e-01
3.890473120770207571e-01
3.891128373306164678e-01
3.891792002023536923e-01
3.892463738525321904e-01
3.893143315598552312e-01
3.893830467470419388e-01
3.894524930125579654e-01
3.895226441498723102e-01
3.895934741795635814e-01
3.896649573677839484e-01
3.897370682477167558e-01
3.898097816420426076e-01
3.898830726796286839e-01
3.899569168136249320e-01
3.900312898365879688e-01
3.901061678963980706e-01
3.901815275092685442e-01
3.902573455710813266e-01
3.903335993692579331e-01
3.904102665926631466e-01
3.904873253399648303e-01
3.905647541282866730e-01
3.906425318986235240e-01
3.907206380225170528e-01
3.906682434561694617e-01
3.907457816180449628e-01
3.908237386556394632e-01
3.909020203229824908e-01
3.909805275456929574e-01
3.910592421073217362e-01
3.911381462589417213e-01
3.912172227208797204e-01
3.912964546794736598e-01
3.913758257876264191e-01
3.914553201589047737e-01
3.915349223670189227e-01
3.916146174428787319e-01
3.916943908691894460e-01
3.917742285761111609e-01
3.918541169390662438e-01
3.919340427706393681e-01
3.920139933156602807e-01
3.920939562475357354e-01
3.921739196597117671e-01
3.922538720620004637e-01
3.923338023720688850e-01
3.924136999103191581e-01
3.924935543888861678e-01
3.925733559108595672e-01
3.926530949600240405e-01
3.927327623915078392e-01
3.928123494264756377e-01
3.928918476446797148e-01
3.929712489769312533e-01
3.930505456954080934e-01
3.931297304065460296e-01
3.932087960470775356e-01
3.932877358668651624e-01
3.933665434328315058e-01
3.934452126096815161e-01
3.935237375601725041e-01
3.936021127327402058e-01
3.936803328560289361e-01
3.937583929276483596e-01
3.938362882093363604e-01
3.939140142179498594e-01
3.939915667165165281e-01
3.940689417080150414e-01
3.941461354276402096e-01
3.942231443314553330e-01
3.942999650941235168e-01
3.943765945977421028e-01
3.944530299234266790e-01
3.945292683461568140e-01
3.946053073291960755e-01
3.946811445080922742e-01
3.947567776937361828e-01
3.948322048581726640e-01
3.949074241294679433e-01
3.949824337845939115e-01
3.950572322439832029e-01
3.951318180609968977e-01
3.952061899162148673e-01
3.952803466118426923e-01
3.953542870667250408e-01
3.954280103016872827e-01
3.955015761772155969e-01
3.955749304789777376e-01
3.956480635677465107e-01
3.957209748447216291e-01
3.957936637866381613e-01
3.958661299360323738e-01
3.959383728982647233e-01
3.960103923355821620e-01
3.960821879577723359e-01
3.961537595190230965e-01
3.962251068113487595e-01
3.962962296606407642e-01
3.963671279143460291e-01
3.964378014447604293e-01
3.965082501364475820e-01
3.965784738857403569e-01
3.966484725904271813e-01
3.967182461484664024e-01
3.967877944498997556e-01
3.968571173752482029e-01
3.969262147852373745e-01
3.969950865198990098e-01
3.970637323924030015e-01
3.971321521835067814e-01
3.972003456380286956e-01
3.972683124585444925e-01
3.973360523015938561e-01
3.974035647739608268e-01
3.974708494276275039e-01
3.975379057525206816e-01
3.976047331782237015e-01
3.976713310654900746e-01
3.977376987011706500e-01
3.978038352973677916e-01
3.978697399874165930e-01
3.979354118183387468e-01
3.980008497506849485e-01
3.980660526543292055e-01
3.981310193025887623e-01
3.981957483709208101e-01
3.982602384347487812e-01
3.983244879612073963e-01
3.983884953119997130e-01
3.984522587353195866e-01
3.985157763648954354e-01
3.985790462173238735e-01
3.986420661903182783e-01
3.987048340550789494e-01
3.987673474598111834e-01
3.988296039234976442e-01
3.988916008331941376e-01
3.989533354434380286e-01
3.990148048732140573e-01
3.990595366076616357e-01
3.991040867126181002e-01
3.991487093608377390e-01
3.991934069511233751e-01
3.992381814754064617e-01
3.992830345209031351e-01
3.993279672603737285e-01
3.993729804556527263e-01
3.994180744521893534e-01
3.994632491782433292e-01
3.995085041386906566e-01
3.995538384210631788e-01
3.995992506857602433e-01
3.996447391706257068e-01
3.996903016842545675e-01
3.997359356101611305e-01
3.997816379009359045e-01
3.998274050815174285e-01
3.998732332447103022e-01
3.999191180536099122e-01
3.999650547394627553e-01
4.000110381002411342e-01
4.000570625068133879e-01
4.001031218951884849e-01
4.001492097694901440e-01
4.001953192053896435e-01
4.002414428477774622e-01
4.002875729115445980e-01
4.003337011829515291e-01
4.003798190210942076e-01
4.004259173580960174e-01
4.004719867017419999e-01
4.005180171350406493e-01
4.005639983226554901e-01
4.006099195049235284e-01
4.006557695076350400e-01
4.007015367377644854e-01
4.007472091911524203e-01
4.007927744520390356e-01
4.008382196949846210e-01
4.008835316898242684e-01
4.009286968037997778e-01
4.009737010050622441e-01
4.010185298623942241e-01
4.010631685553441850e-01
4.011076018722192216e-01
4.011518142157654010e-01
4.011957896069981433e-01
4.012395116888301527e-01
4.012829637316591147e-01
4.013261857379423203e-01
4.013691170309572342e-01
4.014117277881626422e-01
4.014539998511218455e-01
4.014959147123177696e-01
4.015374535184729199e-01
4.015785970761281964e-01
4.016193258582833603e-01
4.016596200080541079e-01
4.016994593477770104e-01
4.017388233806310494e-01
4.017776913012241491e-01
4.018160419991371746e-01
4.018538540676212523e-01
4.018911058074256526e-01
4.019277752376858026e-01
4.019638400993574834e-01
4.019992778652948240e-01
4.020340657457838196e-01
4.020681806985357820e-01
4.021015994330821020e-01
4.021342984229641648e-01
4.021662539112791923e-01
4.021974419205870954e-01
4.022278382602090807e-01
4.022574185364851673e-01
4.022861581618940030e-01
4.023140323636611448e-01
4.023410161934400930e-01
4.023670845376878802e-01
4.023922121278324382e-01
4.024163735494267757e-01
4.024395432532605343e-01
4.024616955668340879e-01
4.024828047042227630e-01
4.025028447781998642e-01
4.025217898112370407e-01
4.025396137475681924e-01
4.025562904651402429e-01
4.025717937877946184e-01
4.025860974983854756e-01
4.025991753511612981e-01
4.026110010853596322e-01
4.026215484385324839e-01
4.026307911606552548e-01
4.026387030279725554e-01
4.026452578577398578e-01
4.026504295231516095e-01
4.026541919684286097e-01
4.026565192243959923e-01
4.026573854246516815e-01
4.026567648217110884e-01
4.026546318039261330e-01
4.026509609124827582e-01
4.026457268592688044e-01
4.026389045445074588e-01
4.026304690756438709e-01
4.026203957859144644e-01
4.026086602540803749e-01
4.025952383239166377e-01
4.025801061251472190e-01
4.025632400932507293e-01
4.025446169927248130e-01
4.025242139368686578e-01
4.025020084118264840e-01
4.024779782987182308e-01
4.024521018980026232e-01
4.024243579531981974e-01
4.023947256754310531e-01
4.023631847694746355e-01
4.023297154596381375e-01
4.022942985151490292e-01
4.022569152796887093e-01
4.022175476974222397e-01
4.021761783419329772e-01
4.021327904472222214e-01
4.020873679340982165e-01
4.020398954436520400e-01
4.019903583683744897e-01
4.019387428816497132e-01
4.018850359732571431e-01
4.018292254819847975e-01
4.017713001265504902e-01
4.017112495450392284e-01
4.016490643266820149e-01
4.015847360486759499e-01
4.015182573141140576e-01
4.014496217870050510e-01
4.013789801824073078e-01
4.013062148875671808e-01
4.012312803885903501e-01
4.011541749119083011e-01
4.010748979422378291e-01
4.009934502594648675e-01
4.009098339847315673e-01
4.008240526181055530e-01
4.007361110811126226e-01
4.006460157592604543e-01
4.005537745444274766e-01
4.004593968761977485e-01
4.003628937835401747e-01
4.002642779298327680e-01
4.001635636524288331e-01
4.000607670061536170e-01
3.999559058053041571e-01
3.998489996620973042e-01
3.997400700326142475e-01
3.996291402518257208e-01
3.995162355759070971e-01
3.994013832200622449e-01
3.992846123966835581e-01
3.991659543493890072e-01
3.990454423890125724e-01
3.989231119296516304e-01
3.987990005134472993e-01
3.986731478484971114e-01
3.985455958295140433e-01
3.984163885662712623e-01
3.982855724049196855e-01
3.981531959502128126e-01
3.980193100789109484e-01
3.978839679552227948e-01
3.977472250395640563e-01
3.976091390985114771e-01
3.974697702014367562e-01
3.973291807250044494e-01
3.971874353404234448e-01
3.970446010076000842e-01
3.969007469547270461e-01
3.967559446593033612e-01
3.966102678213238031e-01
3.964637923283204080e-01
3.963165962153896715e-01
3.961687596223060215e-01
3.960203647440320718e-01
3.958714957616212837e-01
3.957222387844928635e-01
3.955726817773089210e-01
3.954229144735121326e-01
3.952730282898331282e-01
3.951231162294315813e-01
3.949732727758517026e-01
3.948235937845872567e-01
3.946741763525980495e-01
3.945251186990698100e-01
3.943765200234505275e-01
3.942284803563826934e-01
3.940811004091793746e-01
3.939344814133072803e-01
3.937887249417967306e-01
3.936439327395157561e-01
3.935002065302111718e-01
3.933578286464889939e-01
3.932167521924654907e-01
3.930770468767835757e-01
3.929388124667815840e-01
3.928021476726290540e-01
3.926671499290932399e-01
3.925339151612913802e-01
3.924025375508511937e-01
3.922731093033096084e-01
3.921457204056873480e-01
3.920204583879958737e-01
3.918974080812067662e-01
3.917766513765564840e-01
3.916582669879472012e-01
3.915423302135144779e-01
3.914289127000106783e-01
3.913180822193936814e-01
3.912099024396788471e-01
3.911044327132018883e-01
3.910017278648011407e-01
3.909018379964387946e-01
3.908048082957303326e-01
3.907106788621883542e-01
3.906194845408286764e-01
3.905312547731792927e-01
3.904460134633084833e-01
3.903637788596639457e-01
3.902845634523899321e-01
3.902083738922593747e-01
3.901352109251547406e-01
3.900650693497016985e-01
3.899979379930606505e-01
3.899337997113250798e-01
3.898726314062927467e-01
3.898144040691521317e-01
3.897590828469821855e-01
3.897066271278835092e-01
3.896569906528121185e-01
3.896104130546784172e-01
3.895666079534874093e-01
3.895254525679553992e-01
3.894868794364499398e-01
3.894508163269807532e-01
3.894171864778327441e-01
3.893859088564043947e-01
3.893568984382401177e-01
3.893300665013437745e-01
3.893052721729724497e-01
3.892822938248940989e-01
3.892612510577057039e-01
3.892420400684590831e-01
3.892245548713625380e-01
3.892086877213973839e-01
3.891943295455409513e-01
3.891813703770249377e-01
3.891696997923828616e-01
3.891592073467113333e-01
3.891497830063631036e-01
3.891413175756571197e-01
3.891337031162595550e-01
3.891268333551751168e-01
3.891206040815470280e-01
3.891149135284698857e-01
3.891099108179219557e-01
3.891053455070987988e-01
3.891010269411671052e-01
3.890968662864943695e-01
3.890927787818340144e-01
3.890886839992007684e-01
3.890845060801156885e-01
3.890801739466668296e-01
3.890756214865672691e-01
3.890707877118382285e-01
3.890656168913323443e-01
3.890600586562815710e-01
3.890540680795684936e-01
3.890476057291555878e-01
3.890406376952622036e-01
3.890331355927464374e-01
3.890250765392866961e-01
3.890164431095171071e-01
3.890072232667139418e-01
3.889974102734281014e-01
3.889870025810135412e-01
3.889760037003273108e-01
3.889644220547030518e-01
3.889522708159174891e-01
3.889395677250163663e-01
3.889263349005689929e-01
3.889125986323191952e-01
3.888983891661675907e-01
3.888837404784805107e-01
3.888686900426169268e-01
3.888532785888985654e-01
3.888375498594678348e-01
3.888215503589272926e-01
3.888053291025055924e-01
3.887889373630895040e-01
3.887724284180622547e-01
3.887558572968131676e-01
3.887392805306809640e-01
3.887227559060327242e-01
3.887063422212095887e-01
3.886900990485841478e-01
3.886740865027537017e-01
3.886583650141589574e-01
3.886429951113075099e-01
3.886280372101169056e-01
3.886135514111150324e-01
3.885995973068439580e-01
3.885862337972535441e-01
3.885735189151321989e-01
3.885615096613463382e-01
3.885502618504901862e-01
3.885398299659565957e-01
3.885302670261210900e-01
3.885216244604211000e-01
3.885139519960790766e-01
3.885072975547170793e-01
3.885017071595974758e-01
3.884972248528538175e-01
3.884938926224328903e-01
3.884917503388777837e-01
3.884908357015673941e-01
3.884911841941326993e-01
3.884928290486946989e-01
3.884958012188229892e-01
3.885001293606748507e-01
3.885058398220125331e-01
3.885129566388600408e-01
3.885215015392534665e-01
3.885314939538248580e-01
3.885429510326864344e-01
3.885558876689648722e-01
3.885703165263948433e-01
3.885862480743650371e-01
