3.936463838503042600e-01
3.936468392323786980e-01
3.936474408663897528e-01
3.936479817347071641e-01
3.936484685214459711e-01
3.936489333181031891e-01
3.936493804496609128e-01
3.936498105254671587e-01
3.936502235547358342e-01
3.936506194523823887e-01
3.936509981344052389e-01
3.936513595337826077e-01
3.936517035998137737e-01
3.936520302946556749e-01
3.936523395900671241e-01
3.936526314648990388e-01
3.936529059032442546e-01
3.936531628931210780e-01
3.936534024255149977e-01
3.936536244936879037e-01
3.936538290926712147e-01
3.936540162188889025e-01
3.936541858698849317e-01
3.936543380440999385e-01
3.936544727407198518e-01
3.936545899595453868e-01
3.936546897008981194e-01
3.936547719655398292e-01
3.936548367546188198e-01
3.936548840696123541e-01
3.936549139122967333e-01
3.936549262847103270e-01
3.936549211891294808e-01
3.936548986280475337e-01
3.936548586041554998e-01
3.936548011203337416e-01
3.936547261796295438e-01
3.936546337852566135e-01
3.936545239405828678e-01
3.936543966491206636e-01
3.936542519145241337e-01
3.936540897405829686e-01
3.936539101312179212e-01
3.936537163736479883e-01
3.936535063653940347e-01
3.936532789926215359e-01
3.936530342598893450e-01
3.936527721718610096e-01
3.936524927333005519e-01
3.936521959490772993e-01
3.936518818241607209e-01
3.936515503636242030e-01
3.936512015726410518e-01
3.936508354564858814e-01
3.936504520205372781e-01
3.936500512702673094e-01
3.936496332112545127e-01
3.936491978491733490e-01
3.936487451897991430e-01
3.936482752390086937e-01
3.936477880027762777e-01
3.936472834871708182e-01
3.936467616983692075e-01
3.936462226426408195e-01
3.936456663263533384e-01
3.936450927559766444e-01
3.936445019380746535e-01
3.936438938793136444e-01
3.936432685864557635e-01
3.936426260663644650e-01
3.936419663259934087e-01
3.936412893724038353e-01
3.936405952127475238e-01
3.936398838542773948e-01
3.936391553043431801e-01
3.936384095703952535e-01
3.936376466599741386e-01
3.936368665807246647e-01
3.936360693403891386e-01
3.936352549468014606e-01
3.936344234078977822e-01
3.936335747317126765e-01
3.936327089263716439e-01
3.936318260001001046e-01
3.936309259612252864e-01
3.936300088181725054e-01
3.936290745794469026e-01
3.936281232536719688e-01
3.936271548495595685e-01
3.936261693759124936e-01
3.936251668416421712e-01
3.936241472557466814e-01
3.936231106273281322e-01
3.936220569655820567e-01
3.936209862797976911e-01
3.936198985793635807e-01
3.936187938737723546e-01
3.936176721725975214e-01
3.936165334855218911e-01
3.936153778223203670e-01
3.936142051928652741e-01
3.936130156071173669e-01
3.936118090751539733e-01
3.936105856071239750e-01
3.936093452132878312e-01
3.936080879039998148e-01
3.936068136897084568e-01
3.936055225809594327e-01
3.936042145883903998e-01
3.936028897227436540e-01
3.936015479948499762e-01
3.936001894156376801e-01
3.935988139961336119e-01
3.935974217474612069e-01
3.935960126808301651e-01
3.935945868075597653e-01
3.935931441390514429e-01
3.935916846868179331e-01
3.935902084624521291e-01
3.935887154776576136e-01
3.935872057442109107e-01
3.935856792740088927e-01
3.935841360790259258e-01
3.935825761713510618e-01
3.935809995631461278e-01
3.935794062666780890e-01
3.935777962943149411e-01
3.935761696585145519e-01
3.935745263718262721e-01
3.935728664469017035e-01
3.935711898964812105e-01
3.935694967334143479e-01
3.935677869706156740e-01
3.935660606211263679e-01
3.935643176980671010e-01
3.935625582146541346e-01
3.935607821842028731e-01
3.935589896201173721e-01
3.935571805359004971e-01
3.935553549451478728e-01
3.935535128615542666e-01
3.935516542989018762e-01
3.935497792710695997e-01
3.935478877920345342e-01
3.935459798758587091e-01
3.935440555367175630e-01
3.935421147888567006e-01
3.935401576466274753e-01
3.935381841244799395e-01
3.935361942369524080e-01
3.935341879986793967e-01
3.935321654243854606e-01
3.935301265288933537e-01
3.935280713271043229e-01
3.935259998340479015e-01
3.935239120648157951e-01
3.935218080345926905e-01
3.935196877586920605e-01
3.935175512524753394e-01
3.935153985314213121e-01
3.935132296111106265e-01
3.935110445071931529e-01
3.935088432354280630e-01
3.935066258116647342e-01
3.935043922518491333e-01
3.935021425720068300e-01
3.934998767882748605e-01
3.934975949168660336e-01
3.934952969740901363e-01
3.934929829763658682e-01
3.934906529401795416e-01
3.934883068821362628e-01
3.934859448189047537e-01
3.934835667672653692e-01
3.934811727440897244e-01
3.934787627663351994e-01
3.934763368510572068e-01
3.934738950153935932e-01
3.934714372765889534e-01
3.934689636519644318e-01
3.934664741589448123e-01
3.934639688150508574e-01
3.934614476378726078e-01
3.934589106451048535e-01
3.934563578545542950e-01
3.934537892840865303e-01
3.934512049516691867e-01
3.934486048753627618e-01
3.934459890733284504e-01
3.934433575638083269e-01
3.934407103651287874e-01
3.934380474957327456e-01
3.934353689741219018e-01
3.934326748189022060e-01
3.934299650487759203e-01
3.934272396825538864e-01
3.934244987390776438e-01
3.934217422373325612e-01
3.934189701963899388e-01
3.934161826353931302e-01
3.934133795735852979e-01
3.934105610302842670e-01
3.934077270249335401e-01
3.934048775770236372e-01
3.934020127061725325e-01
3.933991324320613714e-01
3.933962367744548438e-01
3.933933257532419847e-01
3.933903993883853811e-01
3.933874576999173422e-01
3.933845007079885825e-01
3.933815284328161521e-01
3.933785408947212958e-01
3.933755381141131324e-01
3.933725201114701697e-01
3.933694869073860456e-01
3.933664385225368876e-01
3.933633749776658250e-01
3.933602962936350034e-01
3.933572024913611909e-01
3.933540935919073167e-01
3.933509696163363101e-01
3.933478305858782442e-01
3.933446765218275853e-01
3.933415074455345328e-01
3.933383233784776833e-01
3.933351243421975285e-01
3.933319103583646781e-01
3.933286814486703920e-01
3.933254376349343828e-01
3.933221789390708989e-01
3.933189053830422055e-01
3.933156169889620579e-01
3.933123137789394375e-01
3.933089957752711752e-01
3.933056630002469412e-01
3.933023154763202744e-01
3.932989532259961174e-01
3.932955762718322035e-01
3.932921846365565188e-01
3.932887783429079298e-01
3.932853574137262220e-01
3.932819218719549315e-01
3.932784717406053177e-01
3.932750070428285283e-01
3.932715278017705485e-01
3.932680340407165298e-01
3.932645257830377217e-01
3.932610030521879185e-01
3.932574658716719851e-01
3.932539142651325648e-01
3.932503482562614283e-01
3.932467678688422730e-01
3.932431731267345132e-01
3.932395640539206871e-01
3.932359406743963781e-01
3.932323030123348051e-01
3.932286510918782674e-01
3.932249849373553596e-01
3.932213045731169365e-01
3.932176100236389749e-01
3.932139013134473005e-01
3.932101784671526712e-01
3.932064415094800869e-01
3.932026904651944599e-01
3.931989253591741118e-01
3.931951462163599254e-01
3.931913530617958674e-01
3.931875459205975143e-01
3.931837248179623212e-01
3.931798897791468073e-01
3.931760408295232323e-01
3.931721779945340223e-01
3.931683012997229110e-01
3.931644107706411262e-01
3.931605064330176424e-01
3.931565883126188488e-01
3.931526564352478825e-01
3.931487108268873487e-01
3.931447515134894322e-01
3.931407785211534778e-01
3.931367918760694247e-01
3.931327916044868864e-01
3.931287777326741839e-01
3.931247502870856003e-01
3.931207092942081704e-01
3.931166547805831080e-01
3.931125867728677004e-01
3.931085052977474903e-01
3.931044103820632851e-01
3.931003020526825931e-01
3.930961803365513041e-01
3.930920452607086779e-01
3.930878968522670824e-01
3.930837351383951739e-01
3.930795601464020517e-01
3.930753719035961491e-01
3.930711704374023063e-01
3.930669557753235233e-01
3.930627279449246947e-01
3.930584869738615317e-01
3.930542328898787297e-01
3.930499657207719433e-01
3.930456854943989442e-01
3.930413922387319681e-01
3.930370859818214657e-01
3.930327667517389822e-01
3.930284345766412168e-01
3.930240894848470723e-01
3.930197315046786155e-01
3.930153606644922193e-01
3.930109769927860874e-01
3.930065805181360283e-01
3.930021712691604274e-01
3.929977492745559409e-01
3.929933145630875591e-01
3.929888671636110331e-01
3.929844071050699883e-01
3.929799344164224828e-01
3.929754491267418159e-01
3.929709512651753389e-01
3.929664408609133130e-01
3.929619179432762843e-01
3.929573825415673682e-01
3.929528346853001786e-01
3.929482744038715336e-01
3.929437017268925247e-01
3.929391166840118244e-01
3.929345193049024743e-01
3.929299096194177610e-01
3.929252876573246511e-01
3.929206534485868429e-01
3.929160070232040058e-01
3.929113484111999566e-01
3.929066776427312946e-01
3.929019947479750474e-01
3.928972997572097170e-01
3.928925927007669294e-01
3.928878736090448132e-01
3.928831425125455801e-01
3.928783994417547887e-01
3.928736444273078221e-01
3.928688774998930211e-01
3.928640986902147691e-01
3.928593080290946338e-01
3.928545055474210734e-01
3.928496912761323401e-01
3.928448652462151469e-01
3.928400274887574040e-01
3.928351780348602329e-01
3.928303169157587593e-01
3.928254441627368476e-01
3.928205598070925175e-01
3.928156638802378087e-01
3.928107564136149032e-01
3.928058374387661811e-01
3.928009069872818171e-01
3.927959650907928979e-01
3.927910117810337054e-01
3.927860470897651668e-01
3.927810710488254253e-01
3.927760836901389441e-01
3.927710850456510028e-01
3.927660751474091327e-01
3.927610540274253936e-01
3.927560217179452140e-01
3.927509782511038883e-01
3.927459236591938629e-01
3.927408579745661488e-01
3.927357812295935169e-01
3.927306934566898722e-01
3.927255946884280480e-01
3.927204849573198708e-01
3.927153642959946844e-01
3.927102327371829738e-01
3.927050903135935744e-01
3.926999370580102067e-01
3.926947730032784856e-01
3.926895981823785298e-01
3.926844126281881509e-01
3.926792163738445640e-01
3.926740094523581970e-01
3.926687918968557178e-01
3.926635637405833101e-01
3.926583250167591799e-01
3.926530757587195497e-01
3.926478159997487394e-01
3.926425457733590529e-01
3.926372651129417801e-01
3.926319740520531343e-01
3.926266726242801375e-01
3.926213608632183605e-01
3.926160388025629056e-01
3.926107064760373522e-01
3.926053639174389986e-01
3.926000111605980059e-01
3.925946482393941062e-01
3.925892751877803621e-01
3.925838920397384246e-01
3.925784988293258282e-01
3.925730955905554764e-01
3.925676823576740859e-01
3.925622591647974780e-01
3.925568260461790859e-01
3.925513830361457290e-01
3.925459301689329106e-01
3.925404674789884640e-01
3.925349950007845923e-01
3.925295127686740937e-01
3.925240208172730005e-01
3.925185191811214058e-01
3.925130078948569357e-01
3.925074869930665900e-01
3.925019565105000718e-01
3.924964164819564894e-01
3.924908669421323659e-01
3.924853079259378874e-01
3.924797394682323914e-01
3.924741616039423286e-01
3.924685743679863781e-01
3.924629777954269372e-01
3.924573719213182432e-01
3.924517567807080387e-01
3.924461324088353020e-01
3.924404988407299566e-01
3.924348561116875467e-01
3.924292042569952343e-01
3.924235433118289929e-01
3.924178733116313600e-01
3.924121942917584427e-01
3.924065062876038734e-01
3.924008093346526560e-01
3.923951034682977568e-01
3.923893887241506340e-01
3.923836651377595186e-01
3.923779327446780818e-01
3.923721915805795657e-01
3.923664416811449840e-01
3.923606830820378644e-01
3.923549158190109409e-01
3.923491399278507541e-01
3.923433554443249704e-01
3.923375624043454191e-01
3.923317608436895365e-01
3.923259507983348771e-01
3.923201323041822230e-01
3.923143053972180661e-01
3.923084701134618713e-01
3.923026264889080128e-01
3.922967745596108169e-01
3.922909143617078209e-01
3.922850459312312021e-01
3.922791693044341832e-01
3.922732845174342065e-01
3.922673916064598476e-01
3.922614906077103725e-01
3.922555815574432225e-01
3.922496644920283049e-01
3.922437394476601114e-01
3.922378064607338621e-01
3.922318655676109711e-01
3.922259168046794975e-01
3.922199602083524805e-01
3.922139958150662187e-01
3.922080236612239257e-01
3.922020437834269346e-01
3.921960562180345500e-01
3.921900610016958444e-01
3.921840581708427309e-01
3.921780477621378824e-01
3.921720298121482706e-01
3.921660043574242693e-01
3.921599714346338805e-01
3.921539310803989209e-01
3.921478833314559487e-01
3.921418282243724907e-01
3.921357657959527176e-01
3.921296960828297151e-01
3.921236191218115952e-01
3.921175349495338858e-01
3.921114436029002337e-01
3.921053451185447791e-01
3.920992395334024772e-01
3.920931268841051365e-01
3.920870072076155233e-01
3.920808805406884590e-01
3.920747469202189306e-01
3.920686063829842416e-01
3.920624589659368331e-01
3.920563047059098527e-01
3.920501436397472728e-01
3.920439758044008127e-01
3.920378012367345399e-01
3.920316199737198803e-01
3.920254320521387448e-01
3.920192375091119397e-01
3.920130363814029462e-01
3.920068287060475831e-01
3.920006145199574354e-01
3.919943938600793376e-01
3.919881667634025346e-01
3.919819332667824896e-01
3.919756934072500254e-01
3.919694472217744585e-01
3.919631947473233291e-01
3.919569360208696729e-01
3.919506710793180804e-01
3.919443999597492234e-01
3.919381226990345524e-01
3.919318393341152396e-01
3.919255499019678179e-01
3.919192544396732925e-01
3.919129529841710036e-01
3.919066455722198250e-01
3.919003322410024581e-01
3.918940130273401712e-01
3.918876879681986170e-01
3.918813571005685947e-01
3.918750204612959642e-01
3.918686780874732212e-01
3.918623300158243228e-01
3.918559762833546678e-01
3.918496443188097533e-01
3.918433166292384917e-01
3.918369834570946675e-01
3.918306448393174546e-01
3.918243008126093829e-01
3.918179514139249475e-01
3.918115966799839978e-01
3.918052366475293646e-01
3.917988713534418244e-01
3.917925008343654536e-01
3.917861251271156919e-01
3.917797442684183840e-01
3.917733582949489146e-01
3.917669672434778150e-01
3.917605711505696697e-01
3.917541700528860416e-01
3.917477639871486672e-01
3.917413529899428370e-01
3.917349370978390199e-01
3.917285163474221732e-01
3.917220907752987369e-01
3.917156604179369284e-01
3.917092253118598100e-01
3.917027854936089293e-01
3.916963409995458112e-01
3.916898918662041207e-01
3.916834381299359458e-01
3.916769798271480529e-01
3.916705169942220066e-01
3.916640496674311800e-01
3.916575778831053456e-01
3.916511016775431342e-01
3.916446210870186961e-01
3.916381361476544698e-01
3.916316468956217989e-01
3.916251533671891716e-01
3.916186555984665918e-01
3.916121536254132396e-01
3.916056474842430357e-01
3.915991372107640589e-01
3.915926228412077159e-01
3.915861044113553846e-01
3.915795819572036041e-01
3.915730555145465197e-01
3.915665251192652629e-01
3.915599908071243918e-01
3.915534526139717308e-01
3.915469105754532109e-01
3.915403647272562293e-01
3.915338151050735682e-01
3.915272617443859016e-01
3.915207046808883429e-01
3.915141439499360554e-01
3.915075795871402753e-01
3.915010116278138108e-01
3.914944401074373914e-01
3.914878650612333977e-01
3.914812865245081430e-01
3.914747045325211450e-01
3.914681191204864019e-01
3.914615303235267629e-01
3.914549381766717073e-01
3.914483427150345363e-01
3.914417439735470849e-01
3.914351419871783255e-01
3.914285367907573976e-01
3.914219284191961523e-01
3.914153169071740157e-01
3.914087022894534584e-01
3.914020846007406074e-01
3.913954638755087201e-01
3.913888401484453827e-01
3.913822134540458353e-01
3.913755838266154696e-01
3.913689513006710086e-01
3.913623159104919202e-01
3.913556776902043510e-01
3.913490366741047000e-01
3.913423928963378207e-01
3.913357463908942457e-01
3.913290971918874095e-01
3.913224453331381469e-01
3.913157908486332159e-01
3.913091337721113505e-01
3.913024741372913007e-01
3.912958119778751076e-01
3.912891473274955900e-01
3.912824802196261387e-01
3.912758106878624909e-01
3.912691387654437802e-01
3.912624644857325418e-01
3.912557878820691060e-01
3.912491089875310690e-01
3.912424278352671370e-01
3.912357444583074439e-01
3.912290588896070176e-01
3.912223711620009814e-01
3.912156813083937368e-01
3.912089893614701386e-01
3.912022953538368264e-01
3.911955993181225333e-01
3.911889012867814652e-01
3.911822012922853142e-01
3.911754993667844182e-01
3.911687955427878838e-01
3.911620898522839007e-01
3.911553823274247499e-01
3.911486730001835777e-01
3.911419619024484318e-01
3.911352490660727765e-01
3.911285345228294186e-01
3.911218183043536079e-01
3.911151004421445920e-01
3.911083809678173595e-01
3.911016599125957671e-01
3.910949373079187774e-01
3.910882131849364174e-01
3.910814875747566921e-01
3.910747605084496925e-01
3.910680320168417601e-01
3.910613021308704251e-01
3.910545708812277477e-01
3.910478382986676271e-01
3.910411044135407854e-01
3.910343692564099971e-01
3.910276328576410276e-01
3.910208952476075250e-01
3.910141564561699923e-01
3.910074165136114277e-01
3.910006754498031034e-01
3.909939332946735790e-01
3.909871900778950637e-01
3.909804458291430418e-01
3.909737005779400643e-01
3.909669543538624170e-01
3.909602071860150407e-01
3.909534591038220652e-01
3.909467101363384156e-01
3.909399603125138234e-01
3.909332096613508112e-01
3.909264582115843933e-01
3.909197059920579420e-01
3.909129530310772593e-01
3.909061993573754168e-01
3.908994449990922937e-01
3.908926899845792668e-01
3.908859343419707755e-01
3.908791780992324494e-01
3.908724212842742407e-01
3.908656639249989961e-01
3.908589060488720235e-01
3.908521476835122299e-01
3.908453888563704903e-01
3.908386295947808842e-01
3.908318699258533369e-01
3.908251098768500409e-01
3.908183494744771891e-01
3.908115887457638271e-01
3.908048277173414298e-01
3.907980664156640582e-01
3.907913048673989920e-01
3.907845430987591517e-01
3.907777811361105580e-01
3.907710190052513521e-01
3.907642567324125515e-01
3.907574943432536863e-01
3.907507318635886073e-01
3.907439693189376784e-01
3.907372067346346345e-01
3.907304441362275949e-01
3.907236815487391546e-01
3.907169189972887757e-01
3.907101565068111793e-01
3.907033941018805967e-01
3.906966318075115741e-01
3.906898696478453559e-01
3.906831076475761333e-01
3.906763458307480064e-01
3.906695842215019421e-01
3.906628228439025796e-01
3.906560617217063602e-01
3.906493008786486865e-01
3.906425403382706163e-01
3.906357801240339378e-01
3.906290202590905203e-01
3.906222607666832158e-01
3.906155016698002469e-01
3.906087429912908915e-01
3.906019847537475220e-01
3.905952269799131127e-01
3.905884696921536614e-01
3.905817129126365472e-01
3.905749566636186332e-01
3.905682009669202426e-01
3.905614458446315385e-01
3.905546913182236790e-01
3.905479374093765998e-01
3.905411841393301997e-01
3.905344315295328772e-01
3.905277261052733095e-01
3.905210266300945809e-01
3.905143279271618417e-01
3.905076300170299830e-01
3.905009329199228829e-01
3.904942366562109135e-01
3.904875412455139916e-01
3.904808467079620149e-01
3.904741530631676838e-01
3.904674603304730818e-01
3.904607685296663244e-01
3.904540776795379919e-01
3.904473877992661879e-01
3.904406989078728074e-01
3.904340110239215011e-01
3.904273241660621285e-01
3.904206383526634960e-01
3.904139536021219437e-01
3.904072699323685725e-01
3.904005873612983457e-01
3.903939059068897155e-01
3.903872255865976082e-01
3.903805464178344287e-01
3.903738684179796636e-01
3.903671916041221435e-01
3.903605159931326507e-01
3.903538416018395574e-01
3.903471684469098091e-01
3.903404965447215269e-01
3.903338259115540776e-01
3.903271565635822449e-01
3.903204885166903226e-01
3.903138217867879178e-01
3.903071563893050211e-01
3.903004923397552228e-01
3.902938296534229079e-01
3.902871683454273155e-01
3.902805084306554262e-01
3.902738499238885272e-01
3.902671928398080969e-01
3.902605371926060052e-01
3.902538829967490130e-01
3.902472302661555981e-01
3.902405790148276155e-01
3.902339292564700468e-01
3.902272810046171214e-01
3.902206342726328714e-01
3.902139890737734707e-01
3.902073454209962211e-01
3.902007033272776870e-01
3.901940628051679405e-01
3.901874238672345951e-01
3.901807865257456709e-01
3.901741507929890052e-01
3.901675166808201700e-01
3.901608842010530487e-01
3.901542533653875044e-01
3.901476241850944660e-01
3.901409966716585243e-01
3.901343708360627272e-01
3.901277466891188705e-01
3.901211242417843006e-01
3.901145035043898646e-01
3.901078844874774632e-01
3.901012672011550664e-01
3.900946516554203991e-01
3.900880378601567222e-01
3.900814258251401601e-01
3.900748155595086808e-01
3.900682070728160866e-01
3.900616003742389815e-01
3.900549954724517043e-01
3.900483923764766492e-01
3.900417910946968325e-01
3.900351916356464832e-01
3.900285940074879609e-01
3.900219982182017708e-01
3.900154042756592276e-01
3.900088121875521785e-01
3.900022219613284435e-01
3.899956336043917671e-01
3.899890471237671408e-01
3.899824625264344813e-01
3.899758798190619546e-01
3.899692990084076549e-01
3.899627201007823674e-01
3.899561431023865210e-01
3.899495680193089120e-01
3.899429948573933102e-01
3.899364236222396807e-01
3.899298543193316369e-01
3.899232869540475432e-01
3.899167215314506274e-01
3.899101580565597636e-01
3.899035965341507426e-01
3.898970369686841630e-01
3.898904793646469913e-01
3.898839237263474478e-01
3.898773700576470547e-01
3.898708183624311485e-01
3.898642686445436545e-01
3.898577209073127436e-01
3.898511751540272852e-01
3.898446313879974090e-01
3.898380896120902661e-01
3.898315498288585368e-01
3.898250120413579434e-01
3.898184762516525015e-01
3.898119424620392626e-01
3.898054106747756986e-01
3.897988808914669145e-01
3.897923531139503295e-01
3.897858273437561638e-01
3.897793035821672247e-01
3.897727818303636238e-01
3.897662620894189467e-01
3.897597443600971934e-01
3.897532286430570037e-01
3.897467149386467655e-01
3.897402032471121713e-01
3.897336935687976678e-01
3.897271859035401631e-01
3.897206802509982637e-01
3.897141766108682681e-01
3.897076749825407194e-01
3.897011753651634103e-01
3.896946777579240462e-01
3.896881821596340223e-01
3.896816885690041476e-01
3.896751969846486419e-01
3.896687074048741928e-01
3.896622198278888449e-01
3.896557342518749967e-01
3.896492506743606254e-01
3.896427690934077814e-01
3.896362895064225951e-01
3.896298119107875491e-01
3.896233363035144781e-01
3.896168626818672931e-01
3.896103910426027550e-01
3.896039213823125902e-01
3.895974536977795388e-01
3.895909879852045288e-01
3.895845242408408349e-01
3.895780624606420273e-01
3.895716026406831345e-01
3.895651447765335340e-01
3.895586888636726752e-01
3.895522348977799032e-01
3.895457828738131956e-01
3.895393646176516511e-01
3.895329762520733929e-01
3.895265898251804582e-01
3.895202053313097101e-01
3.895138227645031925e-01
3.895074421186537905e-01
3.895010633875716222e-01
3.894946865649896450e-01
3.894883116444201598e-01
3.894819386189496413e-01
3.894755674820775670e-01
3.894691982265259811e-01
3.894628308453647048e-01
3.894564653313067892e-01
3.894501016769261748e-01
3.894437398746528056e-01
3.894373799168474037e-01
3.894310217955884723e-01
3.894246655029587889e-01
3.894183110308337969e-01
3.894119583708108845e-01
3.894056075147056539e-01
3.893992584538450430e-01
3.893929111795663145e-01
3.893865656830053923e-01
3.893802219553770816e-01
3.893738799874174039e-01
3.893675397700135932e-01
3.893612012939293154e-01
3.893548645493761784e-01
3.893485295271508217e-01
3.893421962172183282e-01
3.893358646099213671e-01
3.893295346951937685e-01
3.893232064630670619e-01
3.893168799031009319e-01
3.893105550050919850e-01
3.893042317586541956e-01
3.892979101531429120e-01
3.892915901778761234e-01
3.892852718220604080e-01
3.892789550747933758e-01
3.892726399250664437e-01
3.892663263617654468e-01
3.892600143736006935e-01
3.892537039491782980e-01
3.892473950772218916e-01
3.892410877460654728e-01
3.892347819440189483e-01
3.892284776594397422e-01
3.892221748803766368e-01
3.892158735949974302e-01
3.892095737912392717e-01
3.892032754568771624e-01
3.891969785797402825e-01
3.891906831475744344e-01
3.891843891478247719e-01
3.891780965680687876e-01
3.891718053958061474e-01
3.891655156184544162e-01
3.891592272230703364e-01
3.891529401969196500e-01
3.891466545271983768e-01
3.891403702008133236e-01
3.891340872048188460e-01
3.891278055259862478e-01
3.891215251514529294e-01
3.891152460676450819e-01
3.891089682612856038e-01
3.891026917191856560e-01
3.890964164277367909e-01
3.890901423735627640e-01
3.890838695430913208e-01
3.890775979226988590e-01
3.890713274986389858e-01
3.890650582574097238e-01
3.890587901850278696e-01
3.890525232679769574e-01
3.890462574921181860e-01
3.890399928436369392e-01
3.890337293088318438e-01
3.890274668733804675e-01
3.890212055235879318e-01
3.890149452453640078e-01
3.890086860244473255e-01
3.890024278469876307e-01
3.889961706986761469e-01
3.889899145654756585e-01
3.889836594332574116e-01
3.889774052878071653e-01
3.889711521148939699e-01
3.889648999003537111e-01
3.889586486299396184e-01
3.889523982893253740e-01
3.889461488645498677e-01
3.889399003411382894e-01
3.889336527049097048e-01
3.889274059415429030e-01
3.889211600369436583e-01
3.889149149768083014e-01
3.889086707469928683e-01
3.889024273330706771e-01
3.888961847210797851e-01
3.888899428967808047e-01
3.888837018459593842e-01
3.888774615544258184e-01
3.888712220083138105e-01
3.888649831933486123e-01
3.888587450954329450e-01
3.888525077007330411e-01
3.888462709950071816e-01
3.888400349645024234e-01
3.888337995952880211e-01
3.888275648735590728e-01
3.888213307853334300e-01
3.888150973168366109e-01
3.888088644547208483e-01
3.888026321849561984e-01
3.887964004941689700e-01
3.887901693687558224e-01
3.887839387951795844e-01
3.887777087601274606e-01
3.887714792502103833e-01
3.887652502524185372e-01
3.887590217532975734e-01
3.887527937398517763e-01
3.887465661991006960e-01
3.887403391180774270e-01
3.887341323823977346e-01
3.887279672093352234e-01
3.887218024168964114e-01
3.887156379919966542e-01
3.887094739215819494e-01
3.887033101930046919e-01
3.886971467932084923e-01
3.886909837099242759e-01
3.886848209305536761e-01
3.886786584425447888e-01
3.886724962336201572e-01
3.886663342919329245e-01
3.886601726051681638e-01
3.886540111615197635e-01
3.886478499492492800e-01
3.886416889569080935e-01
3.886355281727435496e-01
3.886293675856809515e-01
3.886232071845696079e-01
3.886170469581918252e-01
3.886108868957905416e-01
3.886047269866988452e-01
3.885985672201860419e-01
3.885924075862284832e-01
3.885862480743653147e-01
